%%
0
0
0
0
0
0
0
0
0
0
0
0
0
0
0
0
0
0
0
0
0
0
0
0
0
0
0
0
0
0
0
0
0
0
0
0
0
0
0
0
0
0
0
0
0
0
0
0
0
0
0
0
0
0
0
0
0
0
0
0
0
0
0
0
0
0
0
0
0
0
0
0
0
0
0
0
0
0
0
0
0
0
0
0
0
0
0
0
0
0
0
0
0
0
0
0
0
0
0
0
0
0
0
0
0
0
0
0
0
0
0
0
0
0
0
0
0
0
0
0
0
0
0
0
0
0
0
0
0
0
0
0
0
0
0
0
0
0
0
0
0
0
0
0
0
0
0
0
0
0
0
0
0
0
0
0
0
0
0
0
0
0
0
0
0
0
0
0
0
0
0
0
0
0
0
0
0
0
0
0
0
0
0
0
0
0
0
0
0
0
0
0
0
0
0
0
0
0
0
0
0
0
0
0
0
0
0
0
0
0
0
0
0
0
0
0
0
0
0
0
0
0
0
0
0
0
0
0
0
0
0
0
0
0
0
0
0
0
0
0
0
0
0
0
0
0
0
0
0
0
0
0
0
0
0
0
0
0
0
0
0
0
0
0
0
0
0
0
0
0
0
0
0
0
0
0
0
0
0
0
0
0
0
0
0
0
0
0
0
0
0
0
0
0
0
0
0
0
0
0
0
0
0
0
0
0
0
0
0
0
0
0
0
0
0
0
0
0
0
0
0
0
0
0
0
0
0
0
0
0
0
0
0
0
0
0
0
0
0
0
0
0
0
0
0
0
0
0
0
0
0
0
0
0
0
0
0
0
0
0
0
0
0
0
0
0
0
0
0
0
0
0
0
0
0
0
0
0
0
0
0
0
0
0
0
0
0
0
0
0
0
0
0
0
0
0
0
0
0
0
0
0
0
0
0
0
0
0
0
0
0
0
0
0
0
0
0
0
0
0
0
0
0
0
0
0
0
0
0
0
0
0
0
0
0
0
0
0
0
0
0
0
0
0
0
0
0
0
0
0
0
0
0
0
0
0
0
0
0
0
0
0
0
0
0
0
0
0
0
0
0
0
0
0
0
0
0
0
0
0
0
0
0
0
0
0
0
0
0
0
0
0
0
0
0
0
0
0
0
0
0
0
0
0
0
0
0
0
0
0
0
0
0
0
0
0
0
0
0
0
0
0
0
0
0
0
0
0
0
-2650
-957
-2312
-329
1423
-1068
1586
-802
-422
-2014
240
-164
5
-36
1554
-1358
-805
749
323
1169
-932
1791
1689
-787
2817
-428
-168
1772
-1937
-822
-886
-455
1814
-853
329
-1098
2695
-143
-1220
-304
-2425
1890
-3551
2405
858
300
-1341
-286
1402
1958
3018
-2256
-3387
3119
81
-1714
-1431
-1640
443
2884
-1713
-236
-994
-2162
-626
1293
-1622
-3710
2358
-1923
3637
-2588
300
1842
-3302
-3010
2485
2263
1863
2970
-3808
1763
-2001
3833
779
-1985
-2134
752
-2107
1006
1663
-2014
1742
-2665
2185
1771
2107
-3844
2420
546
-230
2548
-3751
-13
1137
-2462
2265
2431
-277
-2414
779
-3829
1472
-1928
2436
-3385
1651
-2467
2815
842
-1884
4180
-1360
-958
2791
-2735
1242
1480
-1032
63
-344
2269
-2153
873
595
-3209
808
-2385
2221
219
1479
-1078
1089
909
-1084
864
3115
-3815
2028
-768
-1166
-312
3152
-2260
1682
-2086
697
-1292
-2410
-3625
1872
-2658
348
792
-1101
1608
587
-1850
-490
480
-1639
2470
-2092
-1116
525
2068
-149
-1946
493
125
-3234
-2465
1148
-3541
3486
-1126
-2081
-1463
4210
-2292
1793
-63
-3002
-296
90
-2437
2966
2542
-1593
3306
-233
-2644
1117
-439
-3770
2565
673
-2604
1658
-1461
1301
1690
-1800
2645
-2325
-1195
-1785
2764
-463
2412
1632
-304
-1762
-68
-1972
2180
-543
752
-2110
769
1758
1214
-533
-2434
2006
-650
1393
2804
-3224
3068
2680
1019
-2095
-1157
-713
-2232
2358
-649
305
172
882
1171
-2150
-1314
609
26
-1369
-16
-1129
-766
2932
-454
-766
-2090
-1746
-1724
3346
-1193
1646
692
-1567
-1702
1823
2305
-3913
3885
-2353
1004
-2145
1571
2798
-929
-2290
360
846
2675
-1500
442
111
-1526
3402
-2755
-433
-1128
2887
-715
-3043
1604
2015
-1854
426
-2670
895
-1120
3479
-979
92
-455
968
2157
-2787
-1921
2600
-1766
-38
2223
1397
-1163
-1403
461
1460
-1558
-555
-1412
-2473
1013
1683
875
-531
3507
1426
-2703
-2353
1161
-1280
117
1431
1459
-1890
-913
3116
-3643
2012
-1202
887
-1997
323
-1956
1243
306
178
1160
-1799
1644
-1265
228
-2283
235
-240
1483
436
-858
-803
1142
1724
-1859
2382
-2724
497
-1104
-809
-1279
-1601
-2685
1937
-1006
-1465
-258
-2021
2303
498
672
-193
3218
771
2740
2689
-2825
381
294
1426
-482
1569
-1589
-432
-682
-2686
-1027
-1721
936
-767
-1684
-2616
2338
-356
996
649
-2491
2467
123
-925
-1946
513
127
-236
-641
1185
-882
-164
660
753
529
-808
658
-1228
-1783
512
1618
-806
-3131
3555
1679
683
-1595
2175
-205
2334
-1981
19
480
-85
899
1777
-2409
442
2096
-2636
-1456
462
2413
-167
-247
-3273
118
1654
-1515
3254
-2630
1646
1652
-2940
2583
1936
-2082
1050
-3201
-2132
2686
-1433
-1913
2035
2425
-3204
-302
1507
-2140
-1415
-723
-1282
1414
2182
996
1254
748
-1342
-574
262
320
2574
-1040
-136
1866
1737
1582
0
0
0
0
0
0
0
0
0
0
0
0
0
0
0
0
0
0
-2169
-763
-2583
652
-462
12
-2091
1293
-1455
3608
-883
2612
-145
-791
-2524
-1274
2709
686
2470
1685
1830
-565
-3495
1748
-92
-2790
1972
-1634
959
-1690
1546
1767
-95
-2798
80
-1912
-1031
-2439
4496
-1189
-1658
2344
-2062
491
-2351
-286
-56
1685
-1613
2712
-1539
767
1244
-394
-2785
2327
871
1056
2886
-1481
1639
-1050
-2429
2768
1039
-1419
31
3084
370
64
-126
1753
-1421
-570
-119
428
-2023
1976
497
-1109
-293
-2465
1610
-2967
-634
1639
-342
-2048
2619
2034
-1992
3342
-1090
-1947
161
390
-2357
3588
-2385
3049
-2865
-1964
3303
2184
449
-1057
-261
-3454
-2220
623
3009
-1823
-1154
2362
-1110
-1574
1844
-279
-78
-2635
2157
-1698
1105
1601
-773
1617
-652
-512
2311
-1361
-3006
2378
1627
852
1339
2234
-2612
-610
-635
406
-1821
962
-295
628
2862
-78
49
1548
-2947
-1144
2431
1101
-1423
3420
-2701
746
2519
354
108
3374
-4470
2900
-2640
2228
903
1074
-1354
1320
1250
93
209
3214
-1465
-1155
-2277
-2197
1993
3099
-1965
-1210
1323
1476
1760
2170
-1112
1204
1807
-2924
-2624
1495
771
672
1907
-3852
2744
2732
-1950
-74
-2637
3261
-1782
-163
968
149
1955
1545
-1
639
1585
-326
1947
-1059
2726
-1175
675
-1180
744
-1820
3036
800
559
-2058
-755
396
2558
-2834
-78
1192
623
-1837
-733
2992
-1976
-894
-3288
-2157
-582
-1338
2188
-1268
-3149
-1143
1421
-1764
392
-2912
2793
-586
1043
1533
1672
-1116
-482
237
-1845
2192
-2860
3051
-1656
4242
-2933
2894
1299
837
-2153
1183
-4208
1318
-2317
1219
1116
-510
2773
-3374
3010
-3615
1145
-3248
2053
1660
843
-2477
1817
731
2475
-2549
1397
293
-1105
3911
-4147
4075
-370
517
-1397
-2393
327
-1106
2187
-1757
1661
2038
2107
-699
-1303
-3089
2395
-1413
-292
-1122
1378
177
875
2263
-2516
2614
-3814
-1031
-653
-2649
-1326
789
2672
-1025
4095
-998
371
-1708
2712
-3233
-2046
2119
1621
710
-1445
3845
1112
-1813
1614
-728
-2231
1707
1948
833
-530
3822
-2683
2214
-872
2282
2127
-2420
-2078
-351
-1056
2922
1154
181
-2886
-683
-1169
-783
-997
2272
-3675
-551
-624
1246
2901
-1887
3447
-2279
1667
2837
1076
-1575
-376
2031
1764
1498
16
10
-1564
-3498
2613
-1858
-649
1584
2340
-2501
-1234
-222
1129
-299
-230
-2470
3743
1576
1143
2100
-2258
93
-771
2487
-654
448
-2820
943
-1759
-348
936
947
-1396
-2222
-1363
-1220
1735
2890
-1383
600
-889
-840
1303
668
584
3300
-3763
2303
1735
2071
-3100
-283
-339
714
2139
-2164
1029
-682
-2099
-731
1388
-3905
2875
-2474
1911
-2280
2402
-1611
581
-1192
-916
1007
2931
-1332
2207
-1476
-700
-38
-26
-1442
1849
-1411
2204
-1297
-123
3606
-2213
-3
2701
-1334
1417
-2114
528
-187
-1937
1424
-356
-187
-2136
-780
-1702
-539
-1810
2560
-996
206
368
-365
-104
2073
810
-900
3224
-2561
0
0
0
0
0
0
0
0
0
0
0
0
0
0
0
0
0
0
971
3409
-519
-1555
-322
-2770
2107
-1770
1085
-208
1460
118
-795
1723
-556
3099
-2709
-2088
-1364
1893
-2503
3307
863
723
1433
-1254
959
-165
-289
-1024
-69
-414
3085
1996
-1147
-625
-1780
-511
-748
2912
-434
950
-373
-2105
3898
-1564
-1215
-178
-2317
-2531
721
3394
1907
-1467
-1445
-3296
977
-2344
106
1914
-2130
-291
914
1115
1088
-2197
-946
-3604
-2714
3815
-869
3166
1021
2093
-2820
2987
-1367
3366
-3616
803
2524
1984
2084
854
854
-3224
-1901
-2588
-3692
1864
-2802
2041
-1321
-1357
3171
-3379
428
-1805
-919
-1032
2643
525
-1775
2013
1291
984
1546
-191
1990
207
-2055
1023
-243
-818
521
269
592
3097
14
-2496
-2229
-1472
-2184
2926
-2978
-1307
-258
2292
-1667
1432
1392
-3141
-1539
-1489
-2696
2406
265
2411
2311
-3366
3257
846
-50
-2638
-1931
-1544
1022
-95
167
-1986
-1554
-821
2016
-3537
1634
-2321
582
-472
1115
868
412
-783
1223
237
1892
-468
775
1242
-80
-1771
3092
-2662
-786
-1451
2050
-2087
1163
-2188
864
-537
1271
9
3184
-3128
-916
3047
-1755
2172
-367
1244
54
-1476
-865
2394
-379
-3083
-2089
-2097
-516
-1890
516
-955
47
-1161
-1091
252
1693
457
-1718
-1364
-208
-147
886
-971
-808
-157
1211
64
-1194
-2355
827
-1397
2592
-3135
-1191
1670
-222
2845
-2036
68
-17
-1133
1354
288
132
1232
444
-628
1891
533
2104
663
-1204
-305
-1043
3268
-1675
-872
1421
-895
1769
1661
-2353
1767
-744
2309
1108
-34
2659
-103
-703
-145
-2817
86
1934
-1369
939
1502
-1049
-2053
2329
-178
-2908
3653
-2421
-1550
-1370
1156
-118
1518
-343
2036
1222
-2107
-678
137
-2974
-768
2607
-3609
3677
206
-3497
4123
-1125
-1306
3047
-1324
-3221
1862
31
-2738
2240
-3211
1311
4141
-2661
-225
4391
-3479
-864
-1546
-751
-1837
2571
310
2552
3019
-159
3492
-86
-379
-1928
-1271
-3279
2316
2853
1402
-2322
-424
1205
-2364
-2321
-2516
2428
-2775
-2512
1438
670
1366
60
48
-1085
-2446
621
1448
-1176
1178
-2652
2601
-3646
1325
2395
-983
-638
-904
-1836
1606
1010
90
-1022
2522
-1390
287
2860
2064
-1977
-1877
-2425
-1683
-465
838
-1383
1496
-1096
-96
-417
-369
-1978
-2188
1011
-2920
-2007
3740
-945
3218
-2662
623
-2011
-2263
-1737
1881
-1278
196
1869
2621
-3537
2056
2137
-2494
1926
96
679
-2860
1332
1654
1630
-519
-1856
2528
-120
2444
-2864
3457
-1267
-785
1803
-3402
2620
-1982
668
666
266
-1306
-247
-2241
1029
-3403
2459
-2885
2965
-2289
1548
1166
-3293
1072
-1307
1581
-2780
1547
-1294
1517
1163
2589
-98
-1241
-138
-1400
180
-1424
1189
-3366
-2512
1479
1685
-1170
2137
2068
-2660
-2289
579
-959
-219
574
2553
-2654
490
2262
79
2138
-1655
-1142
998
-3285
-1634
1642
1819
-160
2354
-5
1132
2866
-2494
-2187
-213
-1858
888
855
-2384
2354
1909
1044
-3385
-1180
0
0
0
0
0
0
0
0
0
0
0
0
0
0
0
0
0
0
3407
-3542
2238
1565
2114
641
555
483
-295
-219
-2993
-646
844
1860
-1895
-1463
542
218
-2748
1994
-3262
939
482
-1630
-2366
1003
1476
1479
-1719
-37
2483
1570
-1964
-1276
-532
-128
3891
396
-1971
1994
-286
2162
87
2126
1256
-3077
3088
-1353
2246
1016
-94
-2779
-2500
365
-428
629
-1487
-2713
2445
-3223
-88
3686
-2804
-194
-416
2839
-797
1888
2484
-1334
3124
-2443
1275
1481
-2181
-1012
99
-1006
2333
-2480
465
50
1052
1890
-1734
3016
2879
977
2332
-367
2176
-1869
2636
-2785
-150
2538
-891
-1287
-248
-934
-1939
893
-2177
-103
-155
-1131
343
-2240
1216
3625
-2831
-846
1178
-2024
-1853
2375
-1638
-908
1917
-215
1887
667
1252
-539
2458
680
-1300
-686
-620
2445
2980
-1144
2517
-1624
1631
-2053
-2012
2004
-706
1729
-1655
-1155
2735
-584
3108
-2104
-3351
3217
-3545
2970
1100
-1122
222
-27
102
2027
-893
-1674
-786
-2708
3009
2170
-3196
1490
2559
-1244
-1890
-1073
595
-1264
-923
-1816
3607
314
1307
838
-2800
-1679
1044
-1605
-3364
863
-3118
1697
586
-2216
1553
1856
-3604
251
598
1376
1863
-377
-625
2876
2141
1532
3712
-2601
-136
1042
998
381
1042
691
-3471
300
3052
-1836
288
-1447
353
3278
-1140
-158
2616
-1069
-2315
2424
-2792
2819
-1072
-1655
2360
-2299
656
2113
-2510
-1942
1003
399
-2976
-3241
2705
279
565
1397
-2212
2049
-1758
-556
204
-1586
39
2997
-3246
1615
1783
3257
-3428
-2362
1801
-2439
2764
-2922
-1474
-2349
1329
-1694
2722
-2195
2192
1451
-3338
-114
1260
654
-811
911
2213
-1652
-1588
1701
-825
3161
181
86
-2995
2711
-778
1127
740
-1257
-147
-2250
2149
-1114
562
-1153
983
-2749
3720
-3876
964
156
1521
-2449
750
2929
-1680
-786
-1911
4255
-1586
-789
103
737
-3911
4123
2110
-2206
437
333
1760
65
-1012
177
753
-2862
2212
-3447
569
1480
550
-2633
-3594
2287
-294
-2369
-503
3111
-597
1314
-251
-2009
2160
569
-186
-91
1775
1470
-89
4
-1676
3157
-1194
246
-808
-1316
3175
347
-4203
2091
-77
2231
-2313
902
-2139
2151
266
-1357
1311
2424
-3385
1614
2534
-2982
4295
54
871
-242
-245
-379
-346
2052
1296
-2500
-379
-2345
-1056
1192
-885
2272
-392
543
-1891
3481
-1126
2354
1909
49
941
-806
550
1901
2100
-3144
-1328
-1664
-217
2035
-960
-573
-1342
-605
976
769
-1107
-1356
-1471
-712
466
1593
-1181
2789
-2237
-3186
1799
1093
2222
-760
1550
-197
2014
1727
-989
1375
779
-1968
1418
2626
-626
1255
587
350
-2641
324
-3068
1114
61
-296
1127
-26
-2492
-1007
1429
-1448
-2360
766
470
2748
-231
1451
1627
1585
-1320
133
1095
273
1577
2154
-2723
2636
-3413
2568
1542
985
-1599
54
641
2451
-3443
2899
1937
-2394
1692
-49
2062
-1125
-520
-1453
1495
-1740
-1351
1435
2353
-3842
2955
-1433
664
1701
-2781
2073
0
0
0
0
0
0
0
0
0
0
0
0
0
0
0
0
0
0
-3005
2925
-727
-3715
3208
-3037
2095
1517
1600
-829
2362
-2176
2491
-2452
498
2037
525
-565
1379
-481
2290
-823
-3377
3806
-665
2217
-2426
1176
-1172
4385
-2303
-3377
582
1925
2803
-1685
-1853
1924
-988
-2258
-772
-2931
1835
726
-1893
-1683
-2373
3635
-1506
1753
-3128
2496
-2712
2335
3023
-2782
2584
771
-1502
2241
-632
-303
3521
-3298
564
-1000
-1574
1603
2930
1816
-3363
2711
-3315
-460
1618
1100
-450
-1293
-1567
3407
-1818
-3024
-232
-1542
-798
-1967
-1902
2365
1124
-2792
-1642
1070
225
-1184
1006
-2077
335
3670
-1754
-2003
157
231
-2059
-1099
-3192
-715
303
829
-3238
-614
1999
507
2097
-1820
2337
3098
-1134
-1138
-1473
2554
322
2638
-3273
1865
-707
-3386
3269
2037
837
-892
-195
-437
-2522
112
1564
1073
1176
1485
-1625
-2499
-439
-24
-2629
-2882
-757
1231
1510
-1361
2988
968
31
389
-3082
-922
762
562
-163
335
2720
3870
-1419
-1297
2985
34
-1003
-2327
1019
-84
1162
-281
1613
-904
-1973
-1788
-466
-3859
1421
2251
-3424
2965
172
-727
1628
317
645
-1423
241
2062
2113
916
412
1356
-877
1748
-2009
-3099
2551
-196
-943
1185
-1261
798
-2641
-2280
-2370
2433
-1187
167
-3762
308
403
2824
-501
-2305
-1863
150
-1968
276
2510
2223
-2830
-857
2188
1275
-507
1163
1378
-1682
2565
839
-1410
1960
947
2354
-915
-891
2158
-1025
-1559
847
1456
1145
-1422
-1401
92
-1479
2621
487
-775
-3395
1275
-369
-768
805
877
-2398
2318
226
-2038
-259
813
1729
-1997
-2811
2882
-705
-1609
2529
-793
-2418
-289
1540
2067
184
432
-1726
-166
672
-278
-689
-1248
-866
-575
657
2332
1076
-161
834
-2534
-261
-2725
2087
763
1877
-251
1165
823
-1530
1333
-1154
-2617
1259
130
-881
76
3402
-2126
-978
2281
-3324
157
1654
534
185
580
-2268
908
-1413
3397
-2783
1368
2220
-786
-399
-3207
2143
416
1859
-2653
851
-289
-899
1543
-531
-2355
1627
185
-1951
-165
-1106
2664
-2717
1081
1804
-420
-2341
2689
-1878
-777
1389
-3448
3202
1231
1401
1256
299
-1379
1267
-1346
1803
-3399
1559
-2517
-613
2894
-856
2468
-1234
-2543
-1871
-66
-2828
-162
-1737
-1609
-2114
1509
2189
-1359
1894
1341
-1855
2174
-1591
1269
-260
396
-2161
2880
2239
1110
-2760
859
1304
953
-2933
-1007
3362
628
-465
-2244
2022
-550
-1257
1234
-2697
-716
2579
2907
-666
-2192
1907
-1787
-1411
-1545
-348
2563
1373
-59
2091
-1594
492
-173
1153
-3568
3731
-1492
2990
-761
327
1833
-1908
-3324
26
1049
-1349
1561
1848
-1701
1930
523
-2999
-931
335
-106
-965
-1818
3375
1742
-2928
2871
-2280
-2894
2124
-3664
522
1849
-43
-533
1971
-2311
-2333
683
-2332
2465
-1280
-1798
-598
1188
-89
2680
-2472
-1988
2835
-2002
-2137
216
2473
-1052
-2590
580
737
1814
-2178
-356
1385
-3162
1219
4168
-3067
-1382
1565
2294
-2235
0
0
0
0
0
0
0
0
0
0
0
0
0
0
0
0
0
0
834
263
2105
-854
-440
-36
-1551
-1641
-822
682
-1114
-2784
-1976
-1678
1541
341
928
-2922
-972
2214
1891
-571
4013
-2451
1137
4
1763
1568
1640
-2490
1592
-531
3521
-2587
471
136
-70
172
-1958
-1254
1977
-1403
421
-417
-1328
1649
132
-2363
-2680
1869
-91
-715
-614
-2178
932
806
1856
-2208
-1254
759
1861
-2434
-643
1200
928
1682
549
715
-3062
-185
-1827
-1195
-1335
2929
-3292
-30
514
3241
-947
-1072
854
1651
1138
1499
1952
-1187
637
376
-1225
3304
-1719
1400
1862
-3068
-2254
3379
-836
-2542
3476
-187
-2188
3393
2106
1220
1331
-169
1975
-60
138
2744
-156
-3527
2893
-3126
-1523
-3039
2054
-1039
1213
-1616
2170
-1430
154
764
2213
2264
-1320
1776
-1614
1857
1804
-1635
-2037
1250
-1917
-1975
-1647
768
-2591
2515
-3213
1382
899
819
-1524
-1226
-1075
858
1882
1041
1204
-1422
2143
1836
-910
2387
2473
667
-2342
-1762
371
-956
510
611
-2068
-898
1103
184
-4471
2035
-1231
-2946
-1339
2687
-1554
2646
-1612
1765
858
-2995
2313
-1410
1884
-3026
3036
-335
-2824
1738
-1383
-733
-2247
-574
977
-1
-347
1844
-402
-218
-244
1547
-273
1086
2405
2370
-321
-2622
1108
695
2265
-1898
-2279
-2172
3336
-2367
-781
1566
1904
-3555
89
147
474
1084
1241
-1420
1987
470
353
2627
-3950
2070
1243
2184
814
2868
-808
-70
-1709
1289
1475
-198
-3687
2236
2324
913
2344
-2330
-334
-2707
-1023
-44
1075
-3043
2059
-610
219
545
-869
-3092
1415
-2648
2912
-2073
132
283
1895
21
-456
1377
-107
2024
-1212
-2589
2058
-118
-1932
781
-320
1761
-1562
-562
718
475
-534
-896
-630
34
1011
-238
1933
1394
2473
-1353
-1439
-1413
-594
479
1007
-1836
2540
-2719
2065
-2421
-581
-1599
-660
-2745
417
2133
-2453
2167
3106
-2956
3079
-1915
-1029
3758
-1915
2262
-1662
1289
442
1432
2370
-2601
3156
1292
-1313
-327
-947
-1437
1851
-1854
-428
1702
-444
2642
-3812
1935
-319
-98
479
1058
-2494
1200
712
-505
999
-1871
-387
2916
968
-1770
2440
312
-1679
-431
817
7
796
-1679
1194
-349
225
-283
820
-2367
-1722
-1189
-2722
1916
2167
2651
-1077
1752
-1730
2109
826
786
1663
-728
1065
293
139
3799
-287
1559
496
-297
-1743
-2596
1170
-2084
1745
-2688
1598
-1803
43
-3730
1796
-2421
-1110
820
-872
1456
2794
976
-2171
-1783
-2539
1994
125
2008
1245
3260
16
1188
2602
-720
1542
1604
-2621
-1261
-212
919
-1161
-2585
218
-3008
-505
-1513
1026
-2034
384
997
1450
-2690
659
-2855
-2214
1060
1956
-1121
-1062
3270
-2755
1955
-2909
1779
1015
995
-1409
153
-80
2754
1317
1926
-2535
443
-1692
2069
2096
3176
100
-3057
2673
98
-3627
2573
1221
-3491
-186
-1001
1005
1813
-2844
1791
-2701
-2057
2926
1035
-13
-499
3298
-1336
-1633
1924
1218
-130
-2811
518
2312
-4401
1604
102
0
0
0
0
0
0
0
0
0
0
0
0
0
0
0
0
0
0
2240
-359
-2301
364
-674
91
-747
3552
-2728
2483
8
-159
-467
-1952
-1211
-1693
-75
267
2890
-1593
-1821
90
-1910
-1139
3429
2460
-1401
-1162
-1567
-43
2266
-2039
-1474
-206
-1491
1507
-2338
1774
-2885
3300
-2635
-2527
260
1733
-487
-1324
2786
-1142
3927
-1930
-2770
3199
-1616
157
2506
-3314
1327
2607
1203
-2404
1708
6
258
1523
-1786
124
1086
-3937
2065
-2444
-1074
2633
803
-3911
3970
-2980
710
-1060
3011
-805
-1145
-476
1252
1752
1535
1393
423
76
2540
-1032
-1642
1771
-549
2668
-389
-2039
-2266
2936
-1819
-2114
-609
-2391
20
1078
-2540
-1233
2530
-615
-1142
-3443
1381
103
2024
1465
1992
2367
2724
-2491
12
1321
311
-1528
-2249
1110
873
421
-2056
-1542
1087
-2243
-2357
2421
1275
-66
1819
297
-992
980
1635
-2239
-2062
259
-670
-690
-2225
3728
-1867
-2506
-769
-2388
-457
579
2361
-2537
1999
375
-1355
-1220
2404
943
577
-2679
-405
2741
26
504
-2059
277
2044
555
1658
1953
-1722
2772
172
-174
163
1877
-901
1000
-1647
-1945
372
1890
2181
-2162
1727
195
-356
-2136
1277
1790
-3432
-152
-376
-980
-685
710
-2513
240
-3552
2898
-402
-1277
1705
-214
1266
1097
1119
-412
2231
-2497
2253
-1362
1746
-2977
-131
1147
-2466
-2091
1709
351
-3315
168
-4303
-215
-1138
-2188
-1604
1711
1010
-2433
-12
-2964
3556
-1705
331
743
1518
1639
2934
1340
-1298
1045
2524
-2840
3161
-1943
2309
517
-673
37
1903
-3463
1609
216
-1927
1776
-1775
38
-3442
1502
-1326
917
2377
-709
-1184
2678
-2042
2387
-2967
-633
-1204
-1735
313
800
2578
-2319
3003
-1818
-2592
-2126
589
-580
-1353
427
1893
2525
2364
-1923
2272
1823
-880
-710
-22
-1247
649
-324
1398
2562
630
3299
-672
-1546
-1269
-1101
-861
-2488
415
-196
-1988
-194
763
-1198
-330
-1822
-1922
-72
-707
-1335
-878
1142
-2400
2834
-2545
1775
1027
-941
827
1103
-1359
964
1115
-1261
2927
-1057
-1322
-1727
1439
-1004
1105
-634
-2293
2475
738
-942
-789
2029
666
-1350
1028
-3178
3550
3024
-3002
2760
2400
-2238
-797
1522
-733
-639
-1630
697
-2876
-354
730
2376
-2473
-728
-1620
-2467
352
-1203
-364
-4068
1935
-1521
70
2052
796
2171
-2639
-3031
2207
871
-1038
-1396
2287
-1165
2038
2599
-2148
1923
12
2163
1853
-94
2306
-574
-2150
42
-1570
567
-2267
-85
1634
3215
-334
-491
-1560
-2618
-459
-4311
2914
1087
-1946
-1709
-2858
2095
-544
3272
-3122
-2492
-1710
3318
-479
-673
811
3006
-2670
-411
2801
-2640
-1083
1904
198
890
1941
-589
35
2073
-1703
-2554
3089
-2857
3463
-1839
-2089
-1031
-774
1815
758
-3896
2517
-919
-1522
2325
825
-170
1042
-2333
-1795
3482
-3173
2015
2569
261
94
1538
-244
-1332
-211
-1163
1943
-2589
-1577
2084
534
-58
-252
-541
-3763
1767
-770
3675
-2605
-660
2125
2479
-2846
2628
128
516
0
0
0
0
0
0
0
0
0
0
0
0
0
0
0
0
0
0
434
-805
490
1105
-266
-4
2146
-2593
-389
885
546
1101
417
3054
-162
1540
-979
1651
-2156
-1369
2127
-1587
-1127
1924
-2734
-1170
2761
-1584
1091
-1245
314
-1287
2412
-1448
529
-3249
1949
2487
2105
1194
-832
-394
-574
1856
-1586
1486
-3325
3433
-4631
-377
3560
378
1097
1209
-914
-1171
-1156
-1378
-28
-2789
3272
-1948
-182
-2700
3398
-690
703
2065
1094
-2204
-597
2046
-2068
3952
-2292
2625
-3687
-453
-218
1070
2301
-18
-2309
-662
-2035
3058
-2465
160
1965
71
2214
-1362
-38
98
-150
-2288
84
1734
-1205
-252
-1657
2217
-2114
1496
-3054
-1635
2584
-1947
2395
1118
67
-809
556
-611
3
-1974
-2569
220
1388
-68
2224
-860
-2567
1525
-3477
3027
478
1860
1242
-1286
3174
-2015
4063
-2973
-638
-2978
-312
2845
2934
-1238
3296
-2674
-1050
2583
1290
-2710
1842
3533
-1264
1226
1736
-21
594
-2367
-1100
-2466
-550
-933
-2560
1440
-2435
1171
-181
-2759
-1176
-2565
1482
2560
-2769
1013
-1787
2173
2019
-1355
1767
-785
1072
1099
994
331
1640
2323
2803
-1700
-2743
-503
2724
-551
2164
1361
-1340
1905
207
-1445
2776
101
-1741
2304
-2036
-2024
2423
-1738
-2718
1305
-2041
-1436
1906
-863
-288
1272
-3956
1994
1268
-1212
2091
937
1123
223
3577
-1985
482
2086
1753
-2108
2585
1907
388
-1373
1160
-1699
-2114
2378
-1873
600
-1655
1870
-1495
-3117
434
-1586
570
-3799
43
356
170
3092
586
1989
-470
132
-2234
3003
-2375
3156
-3583
501
506
2526
2039
-886
-763
173
-1274
-1757
-2076
-2469
-85
-651
2985
-1673
3254
180
-2836
1193
-1222
1988
-2429
-1340
2080
-1460
2473
2447
716
-986
-329
912
-2798
-1107
-1981
2387
-684
325
668
-2179
385
2867
-2378
854
-2526
1521
1728
-1824
-377
2292
-454
-166
1044
-127
1705
1404
3330
-3444
2131
2324
-639
-544
1210
-385
-2248
1525
2270
-233
2574
-2809
-1990
-1941
-1585
-365
409
2747
-1794
-2420
-1856
761
365
-2398
2441
92
-2777
426
2694
2206
-160
-1839
2523
249
-422
1780
3185
-2574
-775
3860
-4293
-2289
3473
-3257
-3520
3026
565
1342
-1068
-1421
7
-812
-2160
-83
-3154
1275
2034
619
-2300
2011
2670
74
2291
2039
-1450
1814
511
-797
8
2522
1462
711
833
2441
-716
864
-1666
-48
-90
-880
76
-2807
-721
-524
1382
-2829
1005
-1164
64
-2242
3031
-1727
-6
-1486
719
-2049
1163
-870
2255
572
107
4399
-3075
-773
2527
806
2629
-1970
318
-1051
2622
-901
1938
354
558
364
-1719
-3148
3415
2268
-1846
1355
2342
-2425
-76
533
-971
1865
1672
-3738
1304
567
-3483
3988
-2688
1089
-376
1616
1128
2642
-1854
2912
-3230
2721
-1870
2036
-743
-1445
3062
-1967
454
86
211
-475
-1803
-1415
-1991
-412
2007
22
-941
60
583
1373
490
2266
445
-1335
2645
454
790
302
-1456
-2381
2984
-1387
-1969
2219
2048
-358
2650
1068
0
0
0
0
0
0
0
0
0
0
0
0
0
0
0
0
0
0
-2225
-314
718
972
-1415
1086
-1875
3957
-2382
1117
1046
1119
-1970
-492
-1874
1368
1481
843
1639
-698
-327
-1643
-250
-295
2079
2536
-3579
-1970
-242
-57
-1867
2842
-2022
-161
-312
3534
-2113
-2090
-1056
-150
240
-872
1765
19
2322
1988
1073
-2151
3381
1564
-2700
-1175
-1239
1168
628
-71
-118
2680
-1545
-2361
369
-2697
-1731
2430
-481
-1500
-2157
2077
-870
1964
394
637
1561
-3547
2224
1409
2757
1447
1336
2275
-2556
-1149
1613
-1995
1681
1261
-556
-2050
978
542
-160
949
-3143
614
-2467
4018
-2328
2241
-1069
-346
3507
-2714
2010
730
673
-2636
-911
2647
469
1500
-1769
-2201
1730
-914
1189
-501
2074
-2110
1872
-2397
1468
2155
-208
-2544
103
170
1960
-1311
576
-291
-1857
3165
-3346
1863
2248
2509
-459
-851
-1692
-22
2283
275
-810
-705
-612
-345
-1522
-2004
-780
913
-905
-2769
-1793
1273
-2969
44
103
-1065
27
3276
404
535
624
-592
2945
1091
91
605
214
787
2690
-1290
275
1538
-1780
-2864
-744
397
-75
2029
-1960
-263
-3867
2595
991
-489
-1903
16
-750
-951
-1645
-701
1506
-1882
826
-2583
3479
-1887
3790
-1447
2114
-2093
-915
-3380
3396
-1459
-355
1071
-1968
609
1844
1271
-3198
196
-1854
2438
-139
-220
1447
2392
-2472
2716
-3357
3177
-1836
-1103
-505
1832
-1720
-291
-2324
-314
2008
-899
-268
-2221
-910
95
-831
1272
1876
-205
1660
211
80
-1091
460
-499
-1067
76
-441
-2230
3072
740
1131
1836
1551
-3931
2303
-1560
3464
-2629
1810
797
-2155
3578
-1721
3024
-4015
1149
-2154
838
2382
-704
-529
-2451
-2570
3404
396
1587
1807
-2714
2374
-2275
1397
1971
795
-2270
2715
-295
1805
361
1170
-1329
1160
-2061
854
3034
-1670
2572
-181
-1047
-10
938
-2009
-1978
109
2398
-2949
-2245
-2457
2608
-134
-948
-1176
-1198
-1224
-1156
3683
-3100
1592
-1733
1734
2780
1493
1793
2933
-2617
-1178
-2156
-47
2927
552
-2572
166
2160
-1623
3044
-1080
-2385
-2511
1878
-3734
2163
21
-269
1394
2193
-3772
2121
2877
-3986
2058
-2093
-1595
3127
-75
-2245
2451
-1702
-1332
-486
-2434
1076
1538
537
1075
-321
2498
-1571
-216
2701
-1195
-95
-2201
583
-2112
3232
-1195
-1253
-410
-3732
684
1637
-3283
-1180
2108
-1588
1147
-1737
888
349
894
1450
2079
27
0
-119
-700
731
261
979
-3107
-639
-2613
2449
-398
1211
-2448
791
-1144
-1028
-1201
-2935
2722
-1744
-3301
3078
-453
-1570
-659
-80
338
2757
-1636
2087
2402
-1536
-1032
3887
-2355
-1876
306
-2937
-608
3463
-2958
2462
158
-1466
-2767
1104
-2212
1704
1522
-3930
1803
331
-792
-417
-871
-2565
2412
-36
778
-1842
3381
-2795
2884
-73
-2910
2067
2542
-1609
574
1525
1379
-2762
2388
-193
-1560
-1968
2937
676
-2451
-193
-72
-2429
-2154
2161
-3536
-27
-893
-1110
1037
1851
-1234
-292
-78
-2358
716
-2123
-2240
-217
0
0
0
0
0
0
0
0
0
0
0
0
0
0
0
0
0
0
867
2017
1314
-2532
-980
1806
1702
-1503
-79
-963
-3177
3095
-2952
3239
3420
-3416
357
-2279
1364
1620
2324
-956
-1061
0
1824
1614
2093
-1130
572
1987
-2753
879
1340
452
-1186
-164
966
1817
133
-1810
-2618
-1170
765
889
-2262
-829
1551
1615
-4345
-764
2594
-1342
-3066
537
1467
-96
523
-2826
2152
981
1660
1663
-748
-3465
2745
-299
2583
-1250
3569
-3067
-1200
1524
-2176
1162
-92
-1191
-503
-180
1685
-2343
783
-39
263
-2586
780
191
-1592
-1293
3122
-1842
-2925
859
-1815
-1301
-321
146
-2193
-914
-2114
3478
-3879
1071
-3191
3222
-1592
3131
457
-1993
1599
-309
1088
262
-662
-1444
1951
-1068
628
-120
-199
-2751
702
-3091
1998
898
-877
-1608
-2841
1821
-1218
1546
-1531
1996
-2542
343
-1677
1298
2853
-803
2353
-1502
-993
-3010
2209
-2329
-139
-2879
3233
-2946
4031
-1059
-2130
1993
-3105
-1415
2491
-1282
1863
1675
-556
-1561
-521
3133
-3542
3008
-2674
2073
-933
-2062
3132
-1182
1587
1110
856
412
-862
3118
640
-3472
565
1022
-948
2735
-428
-1624
-3520
2448
1465
-1305
572
-285
1802
-413
-2301
1111
80
-179
2111
-1903
-501
2165
1134
186
2263
330
-116
-3096
1181
96
-992
1541
279
2775
-923
3646
-2762
-124
-945
-1946
1345
2058
-4134
3498
1332
-2388
-1256
2132
1766
-3278
-742
-2496
1767
495
-783
1998
-1473
1183
3051
-2924
640
866
566
-2512
1177
-2957
1399
-393
2548
87
1679
1242
-1479
939
-1296
-1030
358
-1940
-533
1436
2152
-1071
-2953
3836
-3337
-293
-1026
1228
-3086
696
3084
-2563
-723
-1247
-1828
2506
-2259
1691
2023
13
-1910
-733
1950
-2737
2090
701
-1134
589
-1695
-769
58
-3228
1247
550
1660
-2327
-1598
1222
2141
-3095
-623
421
70
-973
1165
-1813
2241
533
2667
-2762
1693
3996
-2928
2296
-1346
741
986
-1728
-625
-2109
1870
-255
-1608
-328
-3061
-2104
-1551
-976
376
-2453
1725
1807
2156
-66
768
2857
-456
-1332
-2373
648
2494
-193
3865
-3549
1635
2210
-3522
-1469
628
-616
-211
1717
-3008
62
1481
2843
37
-332
-3667
2644
-1366
1939
2390
-1124
2385
-2361
-2760
-421
2225
-590
2120
-2515
-878
-2135
2903
-2136
2722
-1911
2099
-2153
1792
-1795
2196
2221
1445
-1685
2015
-473
-1744
-1602
2368
579
-3041
-1360
1190
-1694
-980
1807
-3428
603
2037
-2780
-1319
1729
1303
3338
1987
-1907
-277
-2011
-98
-1513
1588
837
3760
-673
-2242
2438
2787
-1795
2546
-1390
1960
-672
1813
-488
-208
-928
-303
552
-910
1035
-141
187
2570
-838
-895
1571
-2335
2364
-2456
-425
2877
-1637
-699
-880
2588
-3236
2826
715
-1060
1189
1655
-2702
3384
-2916
-1606
2488
-3217
2129
-287
-2945
1672
2267
-1292
-2412
1916
-2314
-609
2598
-1016
87
-1580
1021
-11
-3400
2641
238
2520
-2659
-858
-681
332
749
765
1642
626
-2232
-1176
3630
-2572
1816
1017
-1534
-839
3611
0
0
0
0
0
0
0
0
0
0
0
0
0
0
0
0
0
0
-237
1395
-69
-1720
3891
-508
1769
1790
-481
-1049
-179
-2708
3710
-1981
-1903
-291
1683
-295
1306
2790
-3891
2662
1464
-2197
-2331
1444
204
1467
-672
-3071
3494
-1538
-2393
-20
-2326
-2053
-1341
489
-1710
3570
1487
-763
-1858
-57
2202
-2759
2153
-268
2996
1751
1886
1090
3004
267
-2455
-473
2033
2070
-3021
-2654
2200
2228
-239
1156
1713
-3202
-1496
-2639
1226
100
-1398
-565
-2215
-900
1043
266
1813
-1239
1807
-3950
2403
1412
1309
2778
-2695
-257
2368
-1918
725
1082
2650
522
-2479
1222
1147
-4
2460
-2738
442
1365
2089
73
2772
2379
705
1034
-2724
784
556
972
2705
-1419
1682
2209
-3483
1751
-134
1351
-1090
-11
-1736
-2265
-923
478
735
2314
-2024
1378
-131
-2431
2073
-2814
912
-1040
-2177
-1
-2816
1975
1624
-1749
779
1420
1239
1356
905
-1330
1793
3033
350
-2562
3347
459
3856
-2935
1228
-301
1915
151
-1186
1034
-2616
2900
-2238
642
-2217
-2285
1470
1653
-3302
2685
-2650
413
24
-67
-1280
339
2722
-276
-1100
-314
126
2009
-3333
1676
1074
-642
-3109
1610
1218
-3233
3007
-17
-1494
2495
-113
-90
-1918
-1821
3679
-3168
1385
-840
-1280
1405
607
1624
-3260
-2154
3698
-3392
-2149
-1760
-252
1252
-2399
864
-1933
1724
-1665
-408
2641
-1385
2994
2471
1001
-3037
2761
213
2525
1082
2056
-2170
2118
757
-2157
1225
-3017
886
-277
-989
-575
2452
-3049
2377
1214
132
-152
-1591
-2631
751
2384
-2187
381
3048
-1278
-28
1270
414
-2165
1280
274
-3499
1199
2061
2177
577
2751
-3043
-1612
2286
-82
1138
-306
-3196
2099
-1166
1011
-247
709
-756
-2587
-211
-3205
3482
-473
-2936
2521
775
-533
2029
-1893
-3155
1676
2906
-99
-1658
-780
382
3114
-1814
1137
764
-1565
-1273
477
-1110
1467
-1382
-1234
-3438
1785
2396
-1156
-323
-1251
-868
-1419
-1064
1800
1832
1609
2018
64
3322
-1187
-1545
2078
-1447
2116
975
-2022
-1323
2205
-458
-2397
1648
-963
-926
-699
-2617
922
1458
-1991
-2578
1755
-780
-2885
2667
-1632
460
2768
1248
-2791
28
-292
1720
2482
-3022
1041
781
-2525
2939
1499
2879
-598
1869
-1348
-447
-1291
2433
-1482
1231
-1813
-1217
967
-852
850
-587
-2276
-176
2537
-867
-2556
2818
-2921
3332
-982
2554
-541
1282
2118
552
342
2032
367
-284
25
-2419
2608
205
-899
-63
-25
-2422
-2058
1853
-913
2089
-1278
2522
-130
2158
-3946
-439
-419
-80
-2561
3280
-2671
2
2327
-1367
2567
196
-33
-1895
-405
-3499
4311
228
-2043
-66
-376
1792
-617
2062
2481
-787
-2198
-2065
1258
2429
-1214
2930
-3775
1559
-978
305
-1752
-2465
-1093
3255
-1898
2116
2188
-403
-1735
1018
-393
-1479
2713
-178
2689
1466
-1416
1603
2258
-989
-496
-2132
3120
-451
-764
525
479
1011
592
1368
-2438
906
384
2296
-3863
447
-365
-2353
3382
-1309
1879
-847
1330
-1437
-299
-2952
0
0
0
0
0
0
0
0
0
0
0
0
0
0
0
0
0
0
-1489
-1277
-1648
709
-2517
-1663
-68
-998
-399
-1872
2256
1022
-717
-1964
1143
-205
-1948
473
2314
-188
762
-2613
-2013
-1666
809
-1548
1664
-2435
824
3632
-2973
4376
-170
2911
-2618
584
2291
1937
2395
-4013
2732
2657
424
2566
-438
3109
-2965
-1521
-2455
1000
985
-1086
-2279
-1435
1023
3804
-2453
-3644
3792
1792
-3517
-1450
368
-946
-1218
-905
767
-972
-271
1107
1024
-2451
667
-31
-2516
-139
-1837
850
-230
2931
-2390
-480
-263
390
174
-2993
1232
2999
1421
-1944
717
-1997
-1265
-3051
2623
1190
-477
1358
43
-3327
1520
118
-1118
-2841
-1841
1121
-1581
1011
-514
-88
-3137
-1825
-818
-19
3729
-2101
-2192
1264
-1394
2422
1492
1819
-387
1212
-3139
2086
-1075
39
1831
415
-4167
3691
-248
-1004
2365
-1873
-886
1945
-2497
-2326
2250
-1134
-1663
-1570
-2455
2542
793
-1808
-456
2399
-409
1178
-617
1358
2195
310
-3002
1320
871
1940
-1607
1953
-1471
18
-175
1659
-1812
-2145
810
-206
-416
-1374
-712
-464
-1896
1895
-1115
160
2078
823
-1035
887
3307
-2116
-3093
2665
-34
3093
-2518
2908
-2205
366
2274
-3333
2320
-2053
1070
-492
135
1453
1578
-2790
614
-3544
3165
-280
-122
-925
-2122
3378
2106
1203
-2777
-107
2203
513
1760
-2026
2580
2209
-3159
-1062
-1855
1014
-2265
596
-522
-857
-683
971
-3344
-320
-273
-1569
-2726
2160
2854
908
-2124
226
2803
-448
149
-462
1174
486
705
2392
-2348
564
2550
-4007
2300
-2632
-920
1264
-1731
1876
-1917
-214
-849
-1634
239
-1720
3406
-4019
2212
3619
-1889
238
69
-1962
1161
589
1340
-2155
40
2693
388
146
-1684
1742
141
-3791
1144
3531
-4021
724
1159
-1802
258
2853
902
-1745
21
-1721
3640
-593
567
1640
652
-154
3435
-79
-2359
-1041
2447
-2204
2144
2396
390
169
-3923
2638
2186
-190
1083
-41
-4093
964
1000
714
-1891
611
462
2693
-3493
1867
1609
72
-1249
2868
-2031
-1603
4064
-140
-1222
569
-889
2070
918
-3214
3527
-8
-2709
3242
1363
-1527
-988
3162
-2758
-1701
868
2012
-1691
2413
-821
1553
435
-1778
158
-1241
-2580
-1888
1717
1124
-997
1939
518
920
1020
1026
1142
-1801
1809
-534
89
2390
-1088
1366
-3500
864
-2159
-2253
3029
-2235
-949
-2735
191
1678
-858
-1035
-1561
-689
1830
-50
1392
2008
2701
-2212
-1912
1163
-128
-194
-1722
946
-817
2495
-1728
-1565
-815
1338
3472
-2117
-2700
975
3302
-2771
-2015
-1238
805
-220
-497
-1248
2647
-2471
465
-847
-2908
-11
2869
-2584
-2165
-206
2759
-1806
-2146
59
-2451
2099
1368
158
-414
83
89
1842
-2648
204
2511
2081
-2724
-1272
2333
-2122
-119
1964
-1406
-894
125
-529
-2796
-1107
439
1047
-2062
-2199
2379
-2798
-396
239
-577
1098
2703
-3346
994
1134
-940
2874
-2833
700
920
-2753
3290
1715
2175
-573
-394
-2962
-1203
1309
36
1875
1060
1081
0
0
0
0
0
0
0
0
0
0
0
0
0
0
0
0
0
0
-1179
529
-1121
3437
-2631
3182
-2107
981
1880
984
-2284
2162
1694
-513
-2069
-184
2284
564
-717
-859
1105
2436
-1395
1932
-3637
2489
91
-263
-2443
-334
-1664
-918
-108
-1438
-1255
1194
-1483
913
1805
2324
-1177
-375
-1321
-1883
-268
-1764
3567
-2751
3838
-548
783
-1569
-851
-2164
-1686
-2543
1015
710
192
-209
2454
-1215
-1321
1572
-930
-1219
1922
-1765
2137
-1088
1706
-1384
2024
1633
-1632
316
2454
-2014
1815
1129
-566
2471
1307
1391
-2142
1398
2697
-2132
833
2061
-1928
-333
1591
2579
-3364
-1248
2612
-2734
-1658
2306
-268
-2337
40
313
-1632
1845
1505
1556
2029
-1831
3525
-1783
368
1997
-1510
2451
208
-859
98
-2011
-2574
2374
1291
-2038
2012
-1176
2078
-450
795
-2749
910
-1203
1801
64
719
2226
1127
-3639
2364
889
-2257
-405
1178
1971
2196
-1750
2985
-1230
-1631
408
-685
2176
-515
-1460
-1286
-45
1762
-745
-1512
-2282
2972
-2861
804
-2874
2634
-299
3207
-513
-910
1169
-593
2875
-2480
1717
-2219
1776
-2841
479
-213
5
-948
-2223
-447
-1926
2319
-2576
2543
-3890
3204
-2163
2591
1109
1870
-788
-735
-1870
-875
-1926
1267
195
13
651
657
-1767
-225
-2178
1502
-405
3052
-3046
-962
-430
2094
-223
-901
-446
882
2536
-3765
3216
-515
587
-1908
567
-2468
-665
1475
3177
-3387
1886
-1692
1362
1786
-1764
113
65
-2555
89
3060
-2380
573
1822
1842
-2237
2020
-1389
2909
-3615
3488
-110
-1206
2786
-1351
91
418
2987
-3233
193
1796
-1198
-381
-1786
1732
134
-951
553
-76
-1278
-2618
3253
527
181
-652
1680
-2611
2015
-2715
-1201
-242
2254
1000
-2433
-1073
1000
1634
-2633
2834
-635
3491
-1870
2323
-447
-1104
735
-963
-867
-542
-566
-463
914
-1998
-619
-43
-1575
-2447
1913
-470
1407
-3484
-1412
-1491
1765
470
957
-2768
704
-1531
-276
1643
-685
1013
-2451
960
1308
1339
-1925
2667
-2982
3328
-2543
3106
-2406
-1395
2317
-4140
2174
-401
1045
106
-3465
3041
119
-760
400
1425
-1760
-2443
-2183
3936
-3120
2746
590
-1861
89
-535
-1898
-2074
-1531
-2312
2431
-1575
635
2347
-636
1276
-2872
853
411
370
-1433
875
-2304
523
917
1824
-1186
1051
-3497
2267
-938
-2289
829
2928
-1518
-2485
-638
1639
2674
-2161
1243
-2037
1873
-1565
-331
799
2188
266
801
-2758
3385
3058
-1973
-1951
-1871
4349
-1372
-378
199
508
-369
1110
-3267
538
-2839
1473
1872
-1612
-783
3168
3122
-2881
2205
831
-1315
191
2380
1953
931
-772
1944
555
-1645
643
2949
1171
-1613
455
-1191
375
1112
2218
-1548
-1310
-1056
1036
211
-1332
1516
1823
-4425
470
3173
-2351
1275
-43
2508
-3726
716
-347
2950
-990
-207
1332
2054
-3486
3100
-3153
892
-1388
169
-2280
-1930
3176
907
-464
-728
-151
655
-705
1816
300
2903
-3229
453
-688
-2018
822
3487
-1626
-1815
2029
-1537
-836
-1646
0
0
0
0
0
0
0
0
0
0
0
0
0
0
0
0
0
0
1151
-337
1688
-2342
3050
-3346
1679
-1585
1889
-2184
-1578
854
-2433
-1772
806
1149
411
-981
-355
-132
-48
1074
223
-697
-1063
2487
-523
-3235
3894
1620
218
-396
-2975
3248
1754
-1515
-316
-1119
-3420
2295
1704
1495
-3214
3239
-1002
-1768
-1210
-260
2515
-1918
-227
-319
130
2761
1367
656
-1664
639
377
-155
-441
2303
-1940
-156
-1967
-1106
644
1904
-423
-1161
-1841
-998
-975
-2482
-1100
568
-1750
-357
3866
-2775
2046
-1586
-1260
1143
272
1967
-2299
1212
2161
-1465
-319
2930
639
-179
-3326
1673
1105
59
302
902
-2100
3186
570
2946
-1914
-2196
-2411
-3493
-242
-317
532
1766
-1909
1217
306
-3690
927
-3068
2149
-1720
1722
-698
1951
1212
-513
2958
-3429
1379
-2018
3146
1683
1250
-1915
2718
-2601
1339
-64
2797
-2618
2192
2249
-178
-2412
2162
1314
-1037
-2669
427
12
-2482
1711
-2664
465
-2906
215
-1549
451
-1427
3994
-1709
-2609
-1161
2152
1936
629
1382
-2835
2548
-351
2173
2789
-1771
2514
1302
-1038
407
1682
-1887
361
929
-1834
1785
-1664
1313
-2574
887
543
2074
-3415
-1031
2594
-2564
1520
-3353
1316
806
3458
-2136
-324
1936
-2330
570
-2835
1934
1566
2951
-1573
-1115
667
2544
-401
618
-1259
363
2779
-2338
-2296
1480
3347
-1240
-2474
-78
1409
-2418
2821
-1218
-2356
-2522
1897
1002
-38
-1388
-2283
2910
-3583
-1638
-967
874
-2707
-1356
-1691
414
-612
-698
1767
-2260
-1006
-527
-617
-966
1320
2020
-368
1633
546
55
1077
1905
-1218
1415
814
1155
-945
-1056
936
-3148
-1139
1798
3160
-3116
-639
825
-323
668
-222
1553
1161
2015
151
-770
1170
1803
2395
-1776
-2166
207
-588
-313
-902
-2860
-512
-1898
908
1376
36
-602
-899
2597
728
-555
-1747
268
2079
1041
-215
1383
1063
2381
-461
2612
134
-269
-1739
-1303
-2277
576
522
529
-1142
1971
-539
-29
-1536
-763
3281
-1595
-1452
-2040
-2779
-838
314
757
2791
96
2824
1320
2037
-1419
776
256
-4197
3854
-1455
2362
2414
-1238
1561
2521
-3055
-701
-987
-2051
-840
-1163
608
2857
935
-145
146
-57
-1530
-25
-1169
-887
658
1315
-2024
-104
-1745
1140
1476
-2483
-1584
779
-2843
3383
597
2880
-3298
3472
1242
-1867
-137
2481
3333
1978
-847
1441
-1311
1548
837
-2856
-420
-2247
2112
-3368
216
1851
-266
-2122
-2402
506
-2560
2729
-2958
704
-1200
-2283
935
-1567
897
2016
-1895
3086
-3057
-1461
3412
-3232
777
838
-1447
2801
-2210
2256
-577
-2025
-412
1621
-2307
493
1170
1155
-1960
567
-2626
-985
336
-3665
1626
1865
-2087
-1328
1
504
-999
442
-1091
2714
-3108
1652
2369
-3272
3550
1243
1744
-2735
1145
1523
-21
-455
1756
440
-116
-2416
-436
1711
1982
-753
-2454
2392
-28
-1222
-1083
2197
1860
-434
2707
-3265
3179
-123
-2112
1680
2640
-2840
2932
-958
-1067
660
-2117
-1195
-1360
1308
-1609
894
0
0
0
0
0
0
0
0
0
0
0
0
0
0
0
0
0
0
0
0
0
0
0
0
0
0
0
0
0
0
0
0
0
0
0
0
0
0
0
0
0
0
0
0
0
0
0
0
0
0
0
0
0
0
0
0
0
0
0
0
0
0
0
0
0
0
0
0
0
0
0
0
0
0
0
0
0
0
0
0
0
0
0
0
0
0
0
0
0
0
0
0
0
0
0
0
0
0
0
0
0
0
0
0
0
0
0
0
0
0
0
0
0
0
0
0
0
0
0
0
0
0
0
0
0
0
0
0
0
0
0
0
0
0
0
0
0
0
0
0
0
0
0
0
0
0
0
0
0
0
0
0
0
0
0
0
0
0
0
0
0
0
0
0
0
0
0
0
0
0
0
0
0
0
0
0
0
0
0
0
0
0
0
0
0
0
0
0
0
0
0
0
0
0
0
0
0
0
0
0
0
0
0
0
0
0
0
0
0
0
0
0
0
0
0
0
0
0
0
0
0
0
0
0
0
0
0
0
0
0
0
0
0
0
0
0
0
0
0
0
0
0
0
0
0
0
0
0
0
0
0
0
0
0
0
0
0
0
0
0
0
0
0
0
0
0
0
0
0
0
0
0
0
0
0
0
0
0
0
0
0
0
0
0
0
0
0
0
0
0
0
0
0
0
0
0
0
0
0
0
0
0
0
0
0
0
0
0
0
0
0
0
0
0
0
0
0
0
0
0
0
0
0
0
0
0
0
0
0
0
0
0
0
0
0
0
0
0
0
0
0
0
0
0
0
0
0
0
0
0
0
0
0
0
0
0
0
0
0
0
0
0
0
0
0
0
0
0
0
0
0
0
0
0
0
0
0
0
0
0
0
0
0
0
0
0
0
0
0
0
0
0
0
0
0
0
0
0
0
0
0
0
0
0
0
0
0
0
0
0
0
0
0
0
0
0
0
0
0
0
0
0
0
0
0
0
0
0
0
0
0
0
0
0
0
0
0
0
0
0
0
0
0
0
0
0
0
0
0
0
0
0
0
0
0
0
0
0
0
0
0
0
0
0
0
0
0
0
0
0
0
0
0
0
0
0
0
0
0
0
0
0
0
0
0
0
0
0
0
0
0
0
0
0
0
0
0
0
0
0
0
0
0
0
0
0
0
0
0
0
0
0
0
0
0
0
0
0
0
0
0
0
0
0
0
0
0
0
0
0
0
0
0
0
0
0
0
0
0
0
0
0
0
0
0
0
0
0
0
0
0
0
0
0
0
0
0
0
0
0
0
0
0
0
0
0
0
0
0
0
0
0
0
0
0
0
0
0
0
0
0
0
0
0
0
0
0
0
0
0
0
0
0
0
0
0
0
0
0
0
0
0
0
0
0
0
0
0
0
0
0
0
0
0
0
0
0
0
0
0
0
0
0
0
0
0
0
0
0
0
0
0
0
0
0
0
0
0
0
0
0
0
0
0
0
0
0
0
0
0
0
0
0
0
0
0
0
0
0
0
0
0
0
0
0
0
0
0
0
0
0
0
0
0
0
0
0
0
0
0
0
0
0
0
0
0
0
0
0
0
0
0
0
0
0
0
0
0
0
0
0
0
0
0
0
0
0
0
0
0
0
0
0
0
0
0
0
0
0
0
0
0
0
0
0
0
0
0
0
0
0
0
0
0
0
0
0
0
0
0
0
0
0
0
0
0
0
0
0
0
0
0
0
0
0
0
0
0
0
0
0
0
0
0
0
0
0
0
0
0
0
0
0
0
0
0
0
0
0
0
0
0
0
0
0
0
0
0
0
0
0
0
0
0
0
0
0
0
0
0
0
0
0
0
0
0
0
0
0
0
0
0
0
0
0
0
0
0
0
0
0
0
0
0
0
0
0
0
0
0
0
0
0
0
0
0
0
0
0
0
0
0
0
0
0
0
0
0
0
0
0
0
0
0
0
0
0
0
0
0
0
0
0
0
0
0
0
0
0
0
0
0
0
0
0
0
0
0
0
0
0
0
0
0
0
0
0
0
0
0
0
0
0
0
0
0
0
0
0
0
0
0
0
0
0
0
0
0
0
0
0
0
0
0
0
0
0
0
0
0
0
0
0
0
0
0
0
0
0
0
0
0
0
0
0
0
0
0
0
0
0
0
0
0
0
0
0
0
0
0
0
0
0
0
0
0
0
0
0
0
0
0
0
0
0
0
0
0
0
0
0
0
0
0
0
0
0
0
0
0
0
0
0
0
0
0
0
0
0
0
0
0
0
0
0
0
0
0
0
0
0
0
0
0
0
0
0
0
0
0
0
0
0
0
0
0
0
0
0
0
0
0
0
0
0
0
0
0
0
0
0
0
0
0
0
0
0
0
0
0
0
0
0
0
0
0
0
0
0
0
0
0
0
0
0
0
0
0
0
0
0
0
0
0
0
0
0
0
0
0
0
0
0
0
0
0
0
0
0
0
0
0
0
0
0
0
0
0
0
0
0
0
0
0
0
0
0
0
0
0
0
0
0
0
0
0
0
0
0
0
0
0
0
0
0
0
0
0
0
0
0
0
0
0
0
0
0
0
0
0
0
0
0
0
0
0
0
0
0
0
0
0
0
0
0
0
0
0
0
0
0
0
0
0
0
0
0
0
0
0
0
0
0
0
0
0
0
0
0
0
0
0
0
0
0
0
0
0
0
0
0
0
0
0
0
0
0
0
0
0
0
0
0
0
0
0
0
0
0
0
0
0
0
0
0
0
0
0
0
0
0
0
0
0
0
0
0
0
0
0
0
0
0
0
0
0
0
0
0
0
0
0
0
0
0
0
0
0
0
0
0
0
0
0
0
0
0
0
0
0
0
0
0
0
0
0
0
0
0
0
0
0
0
0
0
0
0
0
0
0
0
0
0
0
0
0
0
0
0
0
0
0
0
0
0
0
0
0
0
0
0
0
0
0
0
0
0
0
0
0
0
0
0
0
0
0
0
0
0
0
0
0
0
0
0
0
0
0
0
0
0
0
0
0
0
0
0
0
0
0
0
0
0
0
0
0
0
0
0
0
0
0
0
0
0
0
0
0
0
0
0
0
0
0
0
0
0
0
0
0
0
0
0
0
0
0
0
0
0
0
0
0
0
0
0
0
0
0
0
0
0
0
0
0
0
0
0
0
0
0
0
0
0
0
0
0
0
0
0
0
0
0
0
0
0
0
0
0
0
0
0
0
0
0
0
0
0
0
0
0
0
0
0
0
0
0
0
0
0
0
0
0
0
0
0
0
0
0
0
0
0
0
0
0
0
0
0
0
0
0
0
0
0
0
0
0
0
0
0
0
0
0
0
0
0
0
0
0
0
0
0
0
0
0
0
0
0
0
0
0
0
0
0
0
0
0
0
0
0
0
0
0
0
0
0
0
0
0
0
0
0
0
0
0
0
0
0
0
0
0
0
0
0
0
0
0
0
0
0
0
0
0
0
0
0
0
0
0
0
0
0
0
0
0
0
0
0
0
0
0
0
0
0
0
0
0
0
0
0
0
0
0
0
0
0
0
0
0
0
0
0
0
0
0
0
0
0
0
0
0
0
0
0
0
0
0
0
0
0
0
0
0
0
0
0
0
0
0
0
0
0
0
0
0
0
0
0
0
0
0
0
0
0
0
0
0
0
0
0
0
0
0
0
0
0
0
0
0
0
0
0
0
0
0
0
0
0
0
0
0
0
0
0
0
0
0
0
0
0
0
0
0
0
0
0
0
0
0
0
0
0
0
0
0
0
0
0
0
0
0
0
0
0
0
0
0
0
0
0
0
0
0
0
0
0
0
0
0
0
0
0
0
0
0
0
0
0
0
0
0
0
0
0
0
0
0
0
0
0
0
0
0
0
0
0
0
0
0
0
0
0
0
0
0
0
0
0
0
0
0
0
0
0
0
0
0
0
0
0
0
0
0
0
0
0
0
0
0
0
0
0
0
0
0
0
0
0
0
0
0
0
0
0
0
0
0
0
0
0
0
0
0
0
0
0
0
0
0
0
0
0
0
0
0
0
0
0
0
0
0
0
0
0
0
0
0
0
0
0
0
0
0
0
0
0
0
0
0
0
0
0
0
0
0
0
0
0
0
0
0
0
0
0
0
0
0
0
0
0
0
0
0
0
0
0
0
0
0
0
0
0
0
0
0
0
0
0
0
0
0
0
0
0
0
0
0
0
0
0
0
0
0
0
0
0
0
0
0
0
0
0
0
0
0
0
0
0
0
0
0
0
0
0
0
0
0
0
0
0
0
0
0
0
0
0
0
0
0
0
0
0
0
0
0
0
0
0
0
0
0
0
0
0
0
0
0
0
0
0
0
0
0
0
0
0
0
0
0
0
0
0
0
0
0
0
0
0
0
0
0
0
0
0
0
0
0
0
0
0
0
0
0
0
0
0
0
0
0
0
0
0
0
0
0
0
0
0
0
0
0
0
0
0
0
0
0
0
0
0
0
0
0
0
0
0
0
0
0
0
0
0
0
0
0
0
0
0
0
0
0
0
0
0
0
0
0
0
0
0
0
0
0
0
0
0
0
0
0
0
0
0
0
0
0
0
0
0
0
0
0
0
0
0
0
0
0
0
0
0
0
0
0
0
0
0
0
0
0
0
0
0
0
0
0
0
0
0
0
0
0
0
0
0
0
0
0
0
0
0
0
0
0
0
0
0
0
0
0
0
0
0
0
0
0
0
0
0
0
0
0
0
0
0
0
0
0
0
0
0
0
0
0
0
0
0
0
0
0
0
0
0
0
0
0
0
0
0
0
0
0
0
0
0
0
0
0
0
0
0
0
0
0
0
0
0
0
0
0
0
0
0
0
0
0
0
0
0
0
0
0
0
0
0
0
0
0
0
0
0
0
0
0
0
0
0
0
0
0
0
0
0
0
0
0
0
0
0
0
0
0
0
0
0
0
0
0
0
0
0
0
0
0
0
0
0
0
0
0
0
0
0
0
0
0
0
0
0
0
0
0
0
0
0
0
0
0
0
0
0
0
0
0
0
0
0
0
0
0
0
0
0
0
0
0
0
0
0
0
0
0
0
0
0
0
0
0
0
0
0
0
0
0
0
0
0
0
0
0
0
0
0
0
0
0
0
0
0
0
0
0
0
0
0
0
0
0
0
0
0
0
0
0
0
0
0
0
0
0
0
0
0
0
0
0
0
0
0
0
0
0
0
0
0
0
0
0
0
0
0
0
0
0
0
0
0
0
0
0
0
0
0
0
0
0
0
0
0
0
0
0
0
0
0
0
0
0
0
0
0
0
0
0
0
0
0
0
0
0
0
0
0
0
0
0
0
0
0
0
0
0
0
0
0
0
0
0
0
0
0
0
0
0
0
0
0
0
0
0
0
0
0
0
0
0
0
0
0
0
0
0
0
0
0
0
0
0
0
0
0
0
0
0
0
0
0
0
0
0
0
0
0
0
0
0
0
0
0
0
0
0
0
0
0
0
0
0
0
0
0
0
0
0
0
0
0
0
0
0
0
0
0
0
0
0
0
0
0
0
0
0
0
0
0
0
0
0
0
0
0
0
0
0
0
0
0
0
0
0
0
0
0
0
0
0
0
0
0
0
0
0
0
0
0
0
0
0
0
0
0
0
0
0
0
0
0
0
0
0
0
0
0
0
0
0
0
0
0
0
0
0
0
0
0
0
0
0
0
0
0
0
0
0
0
0
0
0
0
0
0
0
0
0
0
0
0
0
0
0
0
0
0
0
0
0
0
0
0
0
0
0
0
0
0
0
0
0
0
0
0
0
0
0
0
0
0
0
0
0
0
0
0
0
0
0
0
0
0
0
0
0
0
0
0
0
0
0
0
0
0
0
0
0
0
0
0
0
0
0
0
0
0
0
0
0
0
0
0
0
0
0
0
0
0
0
0
0
0
0
0
0
0
0
0
0
0
0
0
0
0
0
0
0
0
0
0
0
0
0
0
0
0
0
0
0
0
0
0
0
0
0
0
0
0
0
0
0
0
0
0
0
0
0
0
0
0
0
0
0
0
0
0
0
0
0
0
0
0
0
0
0
0
0
0
0
0
0
0
0
0
0
0
0
0
0
0
0
0
0
0
0
0
0
0
0
0
0
0
0
0
0
0
0
0
0
0
0
0
0
0
0
0
0
0
0
0
0
0
0
0
0
0
0
0
0
0
0
0
0
0
0
0
0
0
0
0
0
0
0
0
0
0
0
0
0
0
0
0
0
0
0
0
0
0
0
0
0
0
0
0
0
0
0
0
0
0
0
0
0
0
0
0
0
0
0
0
0
0
0
0
0
0
0
0
0
0
0
0
0
0
0
0
0
0
0
0
0
0
0
0
0
0
0
0
0
0
0
0
0
0
0
0
0
0
0
0
0
0
0
0
0
0
0
0
0
0
0
0
0
0
0
0
0
0
0
0
0
0
0
0
0
0
0
0
0
0
0
0
0
0
0
0
0
0
0
0
0
0
0
0
0
0
0
0
0
0
0
0
0
0
0
0
0
0
0
0
0
0
0
0
0
0
0
0
0
0
0
0
0
0
0
0
0
0
0
0
0
0
0
0
0
0
0
0
0
0
0
0
0
0
0
0
0
0
0
0
0
0
0
0
0
0
0
0
0
0
0
0
0
0
0
0
0
0
0
0
0
0
0
0
0
0
0
0
0
0
0
0
0
0
0
0
0
0
0
0
0
0
0
0
0
0
0
0
0
0
0
0
0
0
0
0
0
0
0
0
0
0
0
0
0
0
0
0
0
0
0
0
0
0
0
0
0
0
0
0
0
0
0
0
0
0
0
0
0
0
0
0
0
0
0
0
0
0
0
0
0
0
0
0
0
0
0
0
0
0
0
0
0
0
0
0
0
0
0
0
0
0
0
0
0
0
0
0
0
0
0
0
0
0
0
0
0
0
0
0
0
0
0
0
0
0
0
0
0
0
0
0
0
0
0
0
0
0
0
0
0
0
0
0
0
0
0
0
0
0
0
0
0
0
0
0
0
0
0
0
0
0
0
0
0
0
0
0
0
0
0
0
0
0
0
0
0
0
0
0
0
0
0
0
0
0
0
0
0
0
0
0
0
0
0
0
0
0
0
0
0
0
0
0
0
0
0
0
0
0
0
0
0
0
0
0
0
0
0
0
0
0
0
0
0
0
0
0
0
0
0
0
0
0
0
0
0
0
0
0
0
0
0
0
0
0
0
0
0
0
0
0
0
0
0
0
0
0
0
0
0
0
0
0
0
0
0
0
0
0
0
0
0
0
0
0
0
0
0
0
0
0
0
0
0
0
0
0
0
0
0
0
0
0
0
0
0
0
0
0
0
0
0
0
0
0
0
0
0
0
0
0
0
0
0
0
0
0
0
0
0
0
0
0
0
0
0
0
0
0
0
0
0
0
0
0
0
0
0
0
0
0
0
0
0
0
0
0
0
0
0
0
0
0
0
0
0
0
0
0
0
0
0
0
0
0
0
0
0
0
0
0
0
0
0
0
0
0
0
0
0
0
0
0
0
0
0
0
0
0
0
0
0
0
0
0
0
0
0
0
0
0
0
0
0
0
0
0
0
0
0
0
0
0
0
0
0
0
0
0
0
0
0
0
0
0
0
0
0
0
0
0
0
0
0
0
0
0
0
0
0
0
0
0
0
0
0
0
0
0
0
0
0
0
0
0
0
0
0
0
0
0
0
0
0
0
0
0
0
0
0
0
0
0
0
0
0
0
0
0
0
0
0
0
0
0
0
0
0
0
0
0
0
0
0
0
0
0
0
0
0
0
0
0
0
0
0
0
0
0
0
0
0
0
0
0
0
0
0
0
0
0
0
0
0
0
0
0
0
0
0
0
0
0
0
0
0
0
0
0
0
0
0
0
0
0
0
0
0
0
0
0
0
0
0
0
0
0
0
0
0
0
0
0
0
0
0
0
0
0
0
0
0
0
0
0
0
0
0
0
0
0
0
0
0
0
0
0
0
0
0
0
0
0
0
0
0
0
0
0
0
0
0
0
0
0
0
0
0
0
0
0
0
0
0
0
0
0
0
0
0
0
0
0
0
0
0
0
0
0
0
0
0
0
0
0
0
0
0
0
0
0
0
0
0
0
0
0
0
0
0
0
0
0
0
0
0
0
0
0
0
0
0
0
0
0
0
0
0
0
0
0
0
0
0
0
0
0
0
0
0
0
0
0
0
0
0
0
0
0
0
0
0
0
0
0
0
0
0
0
0
0
0
0
0
0
0
0
0
0
0
0
0
0
0
0
0
0
0
0
0
0
0
0
0
0
0
0
0
0
0
0
0
0
0
0
0
0
0
0
0
0
0
0
0
0
0
0
0
0
0
0
0
0
0
0
0
0
0
0
0
0
0
0
0
0
0
0
0
0
0
0
0
0
0
0
0
0
0
0
0
0
0
0
0
0
0
0
0
0
0
0
0
0
0
0
0
0
0
0
0
0
0
0
0
0
0
0
0
0
0
0
0
0
0
0
0
0
0
0
0
0
0
0
0
0
0
0
0
0
0
0
0
0
0
0
0
0
0
0
0
0
0
0
0
0
0
0
0
0
0
0
0
0
0
0
0
0
0
0
0
0
0
0
0
0
0
0
0
0
0
0
0
0
0
0
0
0
0
0
0
0
0
0
0
0
0
0
0
0
0
0
0
0
0
0
0
0
0
0
0
0
0
0
0
0
0
0
0
0
0
0
0
0
0
0
0
0
0
0
0
0
0
0
0
0
0
0
0
0
0
0
0
0
0
0
0
0
0
0
0
0
0
0
0
0
0
0
0
0
0
0
0
0
0
0
0
0
0
0
0
0
0
0
0
0
0
0
0
0
0
0
0
0
0
0
0
0
0
0
0
0
0
0
0
0
0
0
0
0
0
0
0
0
0
0
0
0
0
0
0
0
0
0
0
0
0
0
0
0
0
0
0
0
0
0
0
0
0
0
0
0
0
0
0
0
0
0
0
0
0
0
0
0
0
0
0
0
0
0
0
0
0
0
0
0
0
0
0
0
0
0
0
0
0
0
0
0
0
0
0
0
0
0
0
0
0
0
0
0
0
0
0
0
0
0
0
0
0
0
0
0
0
0
0
0
0
0
0
0
0
0
0
0
0
0
0
0
0
0
0
0
0
0
0
0
0
0
0
0
0
0
0
0
0
0
0
0
0
0
0
0
0
0
0
0
0
0
0
0
0
0
0
0
0
0
0
0
0
0
0
0
0
0
0
0
0
0
0
0
0
0
0
0
0
0
0
0
0
0
0
0
0
0
0
0
0
0
0
0
0
0
0
0
0
0
0
0
0
0
0
0
0
0
0
0
0
0
0
0
0
0
0
0
0
0
0
0
0
0
0
0
0
0
0
0
0
0
0
0
0
0
0
0
0
0
0
0
0
0
0
0
0
0
0
0
0
0
0
0
0
0
0
0
0
0
0
0
0
0
0
0
0
0
0
0
0
0
0
0
0
0
0
0
0
0
0
0
0
0
0
0
0
0
0
0
0
0
0
0
0
0
0
0
0
0
0
0
0
0
0
0
0
0
0
0
0
0
0
0
0
0
0
0
0
0
0
0
0
0
0
0
0
0
0
0
0
0
0
0
0
0
0
0
0
0
0
0
0
0
0
0
0
0
0
0
0
0
0
0
0
0
0
0
0
0
0
0
0
0
0
0
0
0
0
0
0
0
0
0
0
0
0
0
0
0
0
0
0
0
0
0
0
0
0
0
0
0
0
0
0
0
0
0
0
0
0
0
0
0
0
0
0
0
0
0
0
0
0
0
0
0
0
0
0
0
0
0
0
0
0
0
0
0
0
0
0
0
0
0
0
0
0
0
0
0
0
0
0
0
0
0
0
0
0
0
0
0
0
0
0
0
0
0
0
0
0
0
0
0
0
0
0
0
0
0
0
0
0
0
0
0
0
0
0
0
0
0
0
0
0
0
0
0
0
0
0
0
0
0
0
0
0
0
0
0
0
0
0
0
0
0
0
0
0
0
0
0
0
0
0
0
0
0
0
0
0
0
0
0
0
0
0
0
0
0
0
0
0
0
0
0
0
0
0
0
0
0
0
0
0
0
0
0
0
0
0
0
0
0
0
0
0
0
0
0
0
0
0
0
0
0
0
0
0
0
0
0
0
0
0
0
0
0
0
0
0
0
0
0
0
0
0
0
0
0
0
0
0
0
0
0
0
0
0
0
0
0
0
0
0
0
0
0
0
0
0
0
0
0
0
0
0
0
0
0
0
0
0
0
0
0
0
0
0
0
0
0
0
0
0
0
0
0
0
0
0
0
0
0
0
0
0
0
0
0
0
0
0
0
0
0
0
0
0
0
0
0
0
0
0
0
0
0
0
0
0
0
0
0
0
0
0
0
0
0
0
0
0
0
0
0
0
0
0
0
0
0
0
0
0
0
0
0
0
0
0
0
0
0
0
0
0
0
0
0
0
0
0
0
0
0
0
0
0
0
0
0
0
0
0
0
0
0
0
0
0
0
0
0
0
0
0
0
0
0
0
0
0
0
0
0
0
0
0
0
0
0
0
0
0
0
0
0
0
0
0
0
0
0
0
0
0
0
0
0
0
0
0
0
0
0
0
0
0
0
0
0
0
0
0
0
0
0
0
0
0
0
0
0
0
0
0
0
0
0
0
0
0
0
0
0
0
0
0
0
0
0
0
0
0
0
0
0
0
0
0
0
0
0
0
0
0
0
0
0
0
0
0
0
0
0
0
0
0
0
0
0
0
0
0
0
0
0
0
0
0
0
0
0
0
0
0
0
0
0
0
0
0
0
0
0
0
0
0
0
0
0
0
0
0
0
0
0
0
0
0
0
0
0
0
0
0
0
0
0
0
0
0
0
0
0
0
0
0
0
0
0
0
0
0
0
0
0
0
0
0
0
0
0
0
0
0
0
0
0
0
0
0
0
0
0
0
0
0
0
0
0
0
0
0
0
0
0
0
0
0
0
0
0
0
0
0
0
0
0
0
0
0
0
0
0
0
0
0
0
0
0
0
0
0
0
0
0
0
0
0
0
0
0
0
0
0
0
0
0
0
0
0
0
0
0
0
0
0
0
0
0
0
0
0
0
0
0
0
0
0
0
0
0
0
0
0
0
0
0
0
0
0
0
0
0
0
0
0
0
0
0
0
0
0
0
0
0
0
0
0
0
0
0
0
0
0
0
0
0
0
0
0
0
0
0
0
0
0
0
0
0
0
0
0
0
0
0
0
0
0
0
0
0
0
0
0
0
0
0
0
0
0
0
0
0
0
0
0
0
0
0
0
0
0
0
0
0
0
0
0
0
0
0
0
0
0
0
0
0
0
0
0
0
0
0
0
0
0
0
0
0
0
0
0
0
0
0
0
0
0
0
0
0
0
0
0
0
0
0
0
0
0
0
0
0
0
0
0
0
0
0
0
0
0
0
0
0
0
0
0
0
0
0
0
0
0
0
0
0
0
0
0
0
0
0
0
0
0
0
0
0
0
0
0
0
0
0
0
0
0
0
0
0
0
0
0
0
0
0
0
0
0
0
0
0
0
0
0
0
0
0
0
0
0
0
0
0
0
0
0
0
0
0
0
0
0
0
0
0
0
0
0
0
0
0
0
0
0
0
0
0
0
0
0
0
0
0
0
0
0
0
0
0
0
0
0
0
0
0
0
0
0
0
0
0
0
0
0
0
0
0
0
0
0
0
0
0
0
0
0
0
0
0
0
0
0
0
0
0
0
0
0
0
0
0
0
0
0
0
0
0
0
0
0
0
0
0
0
0
0
0
0
0
0
0
0
0
0
0
0
0
0
0
0
0
0
0
0
0
0
0
0
0
0
0
0
0
0
0
0
0
0
0
0
0
0
0
0
0
0
0
0
0
0
0
0
0
0
0
0
0
0
0
0
0
0
0
0
0
0
0
0
0
0
0
0
0
0
0
0
0
0
0
0
0
0
0
0
0
0
0
0
0
0
0
0
0
0
0
0
0
0
0
0
0
0
0
0
0
0
0
0
0
0
0
0
0
0
0
0
0
0
0
0
0
0
0
0
0
0
0
0
0
0
0
0
0
0
0
0
0
0
0
0
0
0
0
0
0
0
0
0
0
0
0
0
0
0
0
0
0
0
0
0
0
0
0
0
0
0
0
0
0
0
0
0
0
0
0
0
0
0
0
0
0
0
0
0
0
0
0
0
0
0
0
0
0
0
0
0
0
0
0
0
0
0
0
0
0
0
0
0
0
0
0
0
0
0
0
0
0
0
0
0
0
0
0
0
0
0
0
0
0
0
0
0
0
0
0
0
0
0
0
0
0
0
0
0
0
0
0
0
0
0
0
0
0
0
0
0
0
0
0
0
0
0
0
0
0
0
0
0
0
0
0
0
0
0
0
0
0
0
0
0
0
0
0
0
0
0
0
0
0
0
0
0
0
0
0
0
0
0
0
0
0
0
0
0
0
0
0
0
0
0
0
0
0
0
0
0
0
0
0
0
0
0
0
0
0
0
0
0
0
0
0
0
0
0
0
0
0
0
0
0
0
0
0
0
0
0
0
0
0
0
0
0
0
0
0
0
0
0
0
0
0
0
0
0
0
0
0
0
0
0
0
0
0
0
0
0
0
0
0
0
0
0
0
0
0
0
0
0
0
0
0
0
0
0
0
0
0
0
0
0
0
0
0
0
0
0
0
0
0
0
0
0
0
0
0
0
0
0
0
0
0
0
0
0
0
0
0
0
0
0
0
0
0
0
0
0
0
0
0
0
0
0
0
0
0
0
0
0
0
0
0
0
0
0
0
0
0
0
0
0
0
0
0
0
0
0
0
0
0
0
0
0
0
0
0
0
0
0
0
0
0
0
0
0
0
0
0
0
0
0
0
0
0
0
0
0
0
0
0
0
0
0
0
0
0
0
0
0
0
0
0
0
0
0
0
0
0
0
0
0
0
0
0
0
0
0
0
0
0
0
0
0
0
0
0
0
0
0
0
0
0
0
0
0
0
0
0
0
0
0
0
0
0
0
0
0
0
0
0
0
0
0
0
0
0
0
0
0
0
0
0
0
0
0
0
0
0
0
0
0
0
0
0
0
0
0
0
0
0
0
0
0
0
0
0
0
0
0
0
0
0
0
0
0
0
0
0
0
0
0
0
0
0
0
0
0
0
0
0
0
0
0
0
0
0
0
0
0
0
0
0
0
0
0
0
0
0
0
0
0
0
0
0
0
0
0
0
0
0
0
0
0
0
0
0
0
0
0
0
0
0
0
0
0
0
0
0
0
0
0
0
0
0
0
0
0
0
0
0
0
0
0
0
0
0
0
0
0
0
0
0
0
0
0
0
0
0
0
0
0
0
0
0
0
0
0
0
0
0
0
0
0
0
0
0
0
0
0
0
0
0
0
0
0
0
0
0
0
0
0
0
0
0
0
0
0
0
0
0
0
0
0
0
0
0
0
0
0
0
0
0
0
0
0
0
0
0
0
0
0
0
0
0
0
0
0
0
0
0
0
0
0
0
0
0
0
0
0
0
0
0
0
0
0
0
0
0
0
0
0
0
0
0
0
0
0
0
0
0
0
0
0
0
0
0
0
0
0
0
0
0
0
0
0
0
0
0
0
0
0
0
0
0
0
0
0
0
0
0
0
0
0
0
0
0
0
0
0
0
0
0
0
0
0
0
0
0
0
0
0
0
0
0
0
0
0
0
0
0
0
0
0
0
0
0
0
0
0
0
0
0
0
0
0
0
0
0
0
0
0
0
0
0
0
0
0
0
0
0
0
0
0
0
0
0
0
0
0
0
0
0
0
0
0
0
0
0
0
0
0
0
0
0
0
0
0
0
0
0
0
0
0
0
0
0
0
0
0
0
0
0
0
0
0
0
0
0
0
0
0
0
0
0
0
0
0
0
0
0
0
0
0
0
0
0
0
0
0
0
0
0
0
0
0
0
0
0
0
0
0
0
0
0
0
0
0
0
0
0
0
0
0
0
0
0
0
0
0
0
0
0
0
0
0
0
0
0
0
0
0
0
0
0
0
0
0
0
0
0
0
0
0
0
0
0
0
0
0
0
0
0
0
0
0
0
0
0
0
0
0
0
0
0
0
0
0
0
0
0
0
0
0
0
0
0
0
0
0
0
0
0
0
0
0
0
0
0
0
0
0
0
0
0
0
0
0
0
0
0
0
0
0
0
0
0
0
0
0
0
0
0
0
0
0
0
0
0
0
0
0
0
0
0
0
0
0
0
0
0
0
0
0
0
0
0
0
0
0
0
0
0
0
0
0
0
0
0
0
0
0
0
0
0
0
0
0
0
0
0
0
0
0
0
0
0
0
0
0
0
0
0
0
0
0
0
0
0
0
0
0
0
0
0
0
0
0
0
0
0
0
0
0
0
0
0
0
0
0
0
0
0
0
0
0
0
0
0
0
0
0
0
0
0
0
0
0
0
0
0
0
0
0
0
0
0
0
0
0
0
0
0
0
0
0
0
0
0
0
0
0
0
0
0
0
0
0
0
0
0
0
0
0
0
0
0
0
0
0
0
0
0
0
0
0
0
0
0
0
0
0
0
0
0
0
0
0
0
0
0
0
0
0
0
0
0
0
0
0
0
0
0
0
0
0
0
0
0
0
0
0
0
0
0
0
0
0
0
0
0
0
0
0
0
0
0
0
0
0
0
0
0
0
0
0
0
0
0
0
0
0
0
0
0
0
0
0
0
0
0
0
0
0
0
0
0
0
0
0
0
0
0
0
0
0
0
0
0
0
0
0
0
0
0
0
0
0
0
0
0
0
0
0
0
0
0
0
0
0
0
0
0
0
0
0
0
0
0
0
0
0
0
0
0
0
0
0
0
0
0
0
0
0
0
0
0
0
0
0
0
0
0
0
0
0
0
0
0
0
0
0
0
0
0
0
0
0
0
0
0
0
0
0
0
0
0
0
0
0
0
0
0
0
0
0
0
0
0
0
0
0
0
0
0
0
0
0
0
0
0
0
0
0
0
0
0
0
0
0
0
0
0
0
0
0
0
0
0
0
0
0
0
0
0
0
0
0
0
0
0
0
0
0
0
0
0
0
0
0
0
0
0
0
0
0
0
0
0
0
0
0
0
0
0
0
0
0
0
0
0
0
0
0
0
0
0
0
0
0
0
0
0
0
0
0
0
0
0
0
0
0
0
0
0
0
0
0
0
0
0
0
0
0
0
0
0
0
0
0
0
0
0
0
0
0
0
0
0
0
0
0
0
0
0
0
0
0
0
0
0
0
0
0
0
0
0
0
0
0
0
0
0
0
0
0
0
0
0
0
0
0
0
0
0
0
0
0
0
0
0
0
0
0
0
0
0
0
0
0
0
0
0
0
0
0
0
0
0
0
0
0
0
0
0
0
0
0
0
0
0
0
0
0
0
0
0
0
0
0
0
0
0
0
0
0
0
0
0
0
0
0
0
0
0
0
0
0
0
0
0
0
0
0
0
0
0
0
0
0
0
0
0
0
0
0
0
0
0
0
0
0
0
0
0
0
0
0
0
0
0
0
0
0
0
0
0
0
0
0
0
0
0
0
0
0
0
0
0
0
0
0
0
0
0
0
0
0
0
0
0
0
0
0
0
0
0
0
0
0
0
0
0
0
0
0
0
0
0
0
0
0
0
0
0
0
0
0
0
0
0
0
0
0
0
0
0
0
0
0
0
0
0
0
0
0
0
0
0
0
0
0
0
0
0
0
0
0
0
0
0
0
0
0
0
0
0
0
0
0
0
0
0
0
0
0
0
0
0
0
0
0
0
0
0
0
0
0
0
0
0
0
0
0
0
0
0
0
0
0
0
0
0
0
0
0
0
0
0
0
0
0
0
0
0
0
0
0
0
0
0
0
0
0
0
0
0
0
0
0
0
0
0
0
0
0
0
0
0
0
0
0
0
0
0
0
0
0
0
0
0
0
0
0
0
0
0
0
0
0
0
0
0
0
0
0
0
0
0
0
0
0
0
0
0
0
0
0
0
0
0
0
0
0
0
0
0
0
0
0
0
0
0
0
0
0
0
0
0
0
0
0
0
0
0
0
0
0
0
0
0
0
0
0
0
0
0
0
0
0
0
0
0
0
0
0
0
0
0
0
0
0
0
0
0
0
0
0
0
0
0
0
0
0
0
0
0
0
0
0
0
0
0
0
0
0
0
0
0
0
0
0
0
0
0
0
0
0
0
0
0
0
0
0
0
0
0
0
0
0
0
0
0
0
0
0
0
0
0
0
0
0
0
0
0
0
0
0
0
0
0
0
0
0
0
0
0
0
0
0
0
0
0
0
0
0
0
0
0
0
0
0
0
0
0
0
0
0
0
0
0
0
0
0
0
0
0
0
0
0
0
0
0
0
0
0
0
0
0
0
0
0
0
0
0
0
0
0
0
0
0
0
0
0
0
0
0
0
0
0
0
0
0
0
0
0
0
0
0
0
0
0
0
0
0
0
0
0
0
0
0
0
0
0
0
0
0
0
0
0
0
0
0
0
0
0
0
0
0
0
0
0
0
0
0
0
0
0
0
0
0
0
0
0
0
0
0
0
0
0
0
0
0
0
0
0
0
0
0
0
0
0
0
0
0
0
0
0
0
0
0
0
0
0
0
0
0
0
0
0
0
0
0
0
0
0
0
0
0
0
0
0
0
0
0
0
0
0
0
0
0
0
0
0
0
0
0
0
0
0
0
0
0
0
0
0
0
0
0
0
0
0
0
0
0
0
0
0
0
0
0
0
0
0
0
0
0
0
0
0
0
0
0
0
0
0
0
0
0
0
0
0
0
0
0
0
0
0
0
0
0
0
0
0
0
0
0
0
0
0
0
0
0
0
0
0
0
0
0
0
0
0
0
0
0
0
0
0
0
0
0
0
0
0
0
0
0
0
0
0
0
0
0
0
0
0
0
0
0
0
0
0
0
0
0
0
0
0
0
0
0
0
0
0
0
0
0
0
0
0
0
0
0
0
0
0
0
0
0
0
0
0
0
0
0
0
0
0
0
0
0
0
0
0
0
0
0
0
0
0
0
0
0
0
0
0
0
0
0
0
0
0
0
0
0
0
0
0
0
0
0
0
0
0
0
0
0
0
0
0
0
0
0
0
0
0
0
0
0
0
0
0
0
0
0
0
0
0
0
0
0
0
0
0
0
0
0
0
0
0
0
0
0
0
0
0
0
0
0
0
0
0
0
0
0
0
0
0
0
0
0
0
0
0
0
0
0
0
0
0
0
0
0
0
0
0
0
0
0
0
0
0
0
0
0
0
0
0
0
0
0
0
0
0
0
0
0
0
0
0
0
0
0
0
0
0
0
0
0
0
0
0
0
0
0
0
0
0
0
0
0
0
0
0
0
0
0
0
0
0
0
0
0
0
0
0
0
0
0
0
0
0
0
0
0
0
0
0
0
0
0
0
0
0
0
0
0
0
0
0
0
0
0
0
0
0
0
0
0
0
0
0
0
0
0
0
0
0
0
0
0
0
0
0
0
0
0
0
0
0
0
0
0
0
0
0
0
0
0
0
0
0
0
0
0
0
0
0
0
0
0
0
0
0
0
0
0
0
0
0
0
0
0
0
0
0
0
0
0
0
0
0
0
0
0
0
0
0
0
0
0
0
0
0
0
0
0
0
0
0
0
0
0
0
0
0
0
0
0
0
0
0
0
0
0
0
0
0
0
0
0
0
0
0
0
0
0
0
0
0
0
0
0
0
0
0
0
0
0
0
0
0
0
0
0
0
0
0
0
0
0
0
0
0
0
0
0
0
0
0
0
0
0
0
0
0
0
0
0
0
0
0
0
0
0
0
0
0
0
0
0
0
0
0
0
0
0
0
0
0
0
0
0
0
0
0
0
0
0
0
0
0
0
0
0
0
0
0
0
0
0
0
0
0
0
0
0
0
0
0
0
0
0
0
0
0
0
0
0
0
0
0
0
0
0
0
0
0
0
0
0
0
0
0
0
0
0
0
0
0
0
0
0
0
0
0
0
0
0
0
0
0
0
0
0
0
0
0
0
0
0
0
0
0
0
0
0
0
0
0
0
0
0
0
0
0
0
0
0
0
0
0
0
0
0
0
0
0
0
0
0
0
0
0
0
0
0
0
0
0
0
0
0
0
0
0
0
0
0
0
0
0
0
0
0
0
0
0
0
0
0
0
0
0
0
0
0
0
0
0
0
0
0
0
0
0
0
0
0
0
0
0
0
0
0
0
0
0
0
0
0
0
0
0
0
0
0
0
0
0
0
0
0
0
0
0
0
0
0
0
0
0
0
0
0
0
0
0
0
0
0
0
0
0
0
0
0
0
0
0
0
0
0
0
0
0
0
0
0
0
0
0
0
0
0
0
0
0
0
0
0
0
0
0
0
0
0
0
0
0
0
0
0
0
0
0
0
0
0
0
0
0
0
0
0
0
0
0
0
0
0
0
0
0
0
0
0
0
0
0
0
0
0
0
0
0
0
0
0
0
0
0
0
0
0
0
0
0
0
0
0
0
0
0
0
0
0
0
0
0
0
0
0
0
0
0
0
0
0
0
0
0
0
0
0
0
0
0
0
0
0
0
0
0
0
0
0
0
0
0
0
0
0
0
0
0
0
0
0
0
0
0
0
0
0
0
0
0
0
0
0
0
0
0
0
0
0
0
0
0
0
0
0
0
0
0
0
0
0
0
0
0
0
0
0
0
0
0
0
0
0
0
0
0
0
0
0
0
0
0
0
0
0
0
0
0
0
0
0
0
0
0
0
0
0
0
0
0
0
0
0
0
0
0
0
0
0
0
0
0
0
0
0
0
0
0
0
0
0
0
0
0
0
0
0
0
0
0
0
0
0
0
0
0
0
0
0
0
0
0
0
0
0
0
0
0
0
0
0
0
0
0
0
0
0
0
0
0
0
0
0
0
0
0
0
0
0
0
0
0
0
0
0
0
0
0
0
0
0
0
0
0
0
0
0
0
0
0
0
0
0
0
0
0
0
0
0
0
0
0
0
0
0
0
0
0
0
0
0
0
0
0
0
0
0
0
0
0
0
0
0
0
0
0
0
0
0
0
0
0
0
0
0
0
0
0
0
0
0
0
0
0
0
0
0
0
0
0
0
0
0
0
0
0
0
0
0
0
0
0
0
0
0
0
0
0
0
0
0
0
0
0
0
0
0
0
0
0
0
0
0
0
0
0
0
0
0
0
0
0
0
0
0
0
0
0
0
0
0
0
0
0
0
0
0
0
0
0
0
0
0
0
0
0
0
0
0
0
0
0
0
0
0
0
0
0
0
0
0
0
0
0
0
0
0
0
0
0
0
0
0
0
0
0
0
0
0
0
0
0
0
0
0
0
0
0
0
0
0
0
0
0
0
0
0
0
0
0
0
0
0
0
0
0
0
0
0
0
0
0
0
0
0
0
0
0
0
0
0
0
0
0
0
0
0
0
0
0
0
0
0
0
0
0
0
0
0
0
0
0
0
0
0
0
0
0
0
0
0
0
0
0
0
0
0
0
0
0
0
0
0
0
0
0
0
0
0
0
0
0
0
0
0
0
0
0
0
0
0
0
0
0
0
0
0
0
0
0
0
0
0
0
0
0
0
0
0
0
0
0
0
0
0
0
0
0
0
0
0
0
0
0
0
0
0
0
0
0
0
0
0
