%%
257.4373696252877721
8.6210983025627002
1.8059250424428601
6.2246444199873299
2.5117127732670590
4.3149252852579121
2.4729864131342270
-9.5949568762627457
-14.7489869971842893
-2.2613287080780737
0.6990403002077337
-8.1304865956202335
-9.4715783428900551
-1.1126538415078722
9.2483687900433171
5.2978153602536402
-3.4757764305416434
-3.3667260242948158
3.7378899668478121
-17.7719214211057910
-12.5117637157226760
4.9064261631455350
-8.6098328862601239
2.8760077372663586
4.8269944795776798
-6.8120506474750604
-3.0735568614108599
2.4931994066772063
8.5807070877185243
-1.7076459818265932
-1.0860431093130991
-2.1698439266375598
2.7425677708106155
-4.6027846011044637
-2.4320564945741339
-3.4315218800604863
13.7075433259971149
6.2918077023291090
-2.4447862977782533
-1.0405799372131250
2.8830688915734921
-2.1155729269618844
-2.8045753753790854
-3.6537596396720691
-12.4874013854014123
7.6839069202407462
-2.6252259638969724
3.7153557939504469
-5.7487554812312025
2.4526434732317792
-3.0532255049941148
12.3353860575523218
2.5755068382254462
4.1179479723147576
3.8068966290251725
0.3645240185825600
11.6215953420372688
7.3421626816010868
4.1546951428986825
0.3975960675211834
7.8310270278978145
-4.0431917912044524
-4.8282911829862316
5.9270172271728967
-4.7167413990637019
4.9181147214541063
-4.7166935442829434
4.1885297948132436
-5.5437405154693051
3.0877169036312599
-3.4884299138977726
-9.9137193341921392
-8.3585281102154063
3.0580180789672018
6.5188036265227014
0.1330795822413058
-6.0963194347713623
-3.1644233365881953
3.1083647930263165
3.6766560546854734
-2.4232881682369678
-4.3926259174168649
-5.4303158006078700
-7.9588370304219280
5.7883585627736114
-2.6625690672770532
6.3822828583659241
0.7175386234624268
-9.2099139574045576
3.5565368482541837
-0.6547999035951255
2.2235015730600431
-0.7329644593020839
7.8489885691218877
-8.5664216802793511
1.0300810304179953
2.5557939181625624
-10.9812533534583672
-0.8399428238866060
-3.8993973984475137
-12.5132364628568507
-3.8543519472895329
-3.2388914072162098
14.4853369727541335
-5.3712607624770001
10.8846771429519311
-1.5993315433677011
-6.9089841635374434
-7.4111784382268517
-3.7673946058004253
13.3473845892670937
1.2277755254078335
9.7863758134032022
-4.4357714139208024
-3.7347117488497856
-3.6049676576308523
2.0951368506023060
-9.1174668686393652
-7.6793639814907015
4.4410376634739830
2.6416788046938184
6.2981062544741828
-7.3430281372648478
2.1658734693207973
-3.9536018272185416
-11.3808370292923371
-11.1120385920314764
-4.4257831381409769
-4.6316549766956214
2.3040318630212466
-1.5684118635645974
0.4435164422957278
0.3188844222104543
8.9306426122409235
-1.1728947745698550
-1.9178688429658983
3.7657452771916877
-3.0489702976783306
-4.5695645500826618
-12.6270314110621378
-5.1764116281791885
5.2430900783510666
5.1529345668719131
-2.9074274105141931
-6.1315805147315778
2.8640192939633744
-3.9198333647917125
-7.3425832585904072
-3.8721594896283653
10.1486532274490937
7.2701072711264452
-3.2706499134047817
1.2298709390048939
-4.2193986775396848
7.4934758972490787
-6.4693299270985607
-7.8982430982789111
-2.4729181829826556
-7.3887943043589122
10.2923898221300831
-7.8789794464534353
-4.9922544406237996
2.8557215400986564
4.5390450482868694
6.6227359464484188
5.2168701444842336
0.0519294139218904
3.2718438037837516
-3.2252279660187115
-9.0536502997069572
-2.7100280347904389
-0.7634003244897225
5.2750319182428829
-1.7441879309949953
-3.7469191708107217
3.6510665451571196
0.5695190596876554
-0.7361654439449765
-6.1663087937957997
7.2301865598521369
-14.5893414101491778
-1.4778656323962029
7.6385943302237989
-2.2417653019796138
3.2917387508897411
-12.4627248172402876
-4.0036914998277329
-3.2109762283218810
-1.5484237466338828
-6.4850202616077457
-4.4493660527003058
-4.1458913519798291
-9.5139816187541548
-5.7245961438172506
1.2034080487126486
4.7027114515958850
-9.3487300900921166
-3.9581724724627589
-11.4254826560699918
-2.2704762962118670
9.8861792066705583
-3.3362580435113780
-0.7845578611740414
0.2720653142099259
-1.7920369025172778
5.7419339068890327
2.5994884237523128
7.4286429215833634
3.3302377339482443
3.9902725938384265
-3.7344174269544004
2.1417546357201425
4.4008014377451161
-0.4310272446613930
7.5299142494543085
1.6895511467713260
1.0711782461827517
-12.5998999554458742
-6.2456552958401303
-0.2297464708613384
11.5432507655794847
-0.1667627896977795
-20.9894572923862732
-1.7913254312646185
-6.4512083214063694
14.1434886165408855
-0.5004620742907524
3.3460872508277291
3.7154531543230105
4.9700160911882350
-13.5303751221722237
2.9870539581998159
-6.3448785916834129
-5.1074486654442488
-4.0656159191347294
-4.5690116353732142
-8.8577400524750942
0.0311305924435379
-5.8553984439546651
-10.3289465057364396
8.9606543885623626
3.0844265437489145
5.9638482974978047
4.5249879628922134
3.6940307744340695
11.3690174427654842
2.6053997643698050
1.9797160227094714
-9.5978236515456796
7.2795517381877026
-2.8223553080764061
-11.3358488201084171
7.4003983749753619
12.4429405264635466
-2.2755779432990568
10.5757182290425948
-4.1268105130301791
-1.5627220090228460
-11.6527891445470555
6.4048327305697210
9.4211577937864561
7.8954409282487390
-5.6392417150361664
-11.8581921761096574
4.3268899594744177
-0.6981180775989579
-0.0987889359362175
1.2627815256568007
6.3903640527740713
14.4136848655792562
-3.5116765598085427
-10.5326388028737750
-0.7009787946629893
-12.3550385457812020
-5.0542638018956669
-11.1475122049015134
2.4234378585553848
-4.4677750232384268
0.3635304086788711
-5.6074893960428893
6.5967484530463611
-3.3109124755236925
-7.6013148480197694
-16.3975026043557115
2.3194707450996610
6.4874710927836166
0.2284615117859072
-14.7006592661282074
-2.6166890408043857
-0.7592436168508745
1.6120379275781860
3.4431492416187681
2.2329706147032899
2.6396155943980166
6.8991828482100077
-5.0235680425219060
1.1875083312469332
0.8527009889025505
-1.4877255798848128
15.9429471913813021
-11.1398810409662978
-0.8841959936967445
-8.6371354298050065
-0.7463491670282330
-2.8948152059891337
-5.0306426515143166
2.8278769530280514
3.1762650262119276
1.6930167107080356
3.0115589219369410
-5.7729624945044540
-3.1501240000638369
3.0619155896142605
-1.0778953952105024
2.3475238237981717
0.8815901956623358
1.9654220329194203
-3.6817027201657444
8.6212894103009177
3.8193730047539205
5.9386429616975835
12.7058478981491945
-2.0672719293937125
3.8857564701159024
7.6220441731277093
-12.1527362971857933
9.6172680437048257
-2.4460916305684726
-0.1270841559707172
3.4402078261005991
0.5090994840166685
4.0975052252857243
-8.9688003333530020
-3.4373569349074864
0.7935078235414323
-2.4474812270489155
-6.7097364381214630
-1.2617205930612765
12.3012255748982415
4.6697039523099475
-1.9062161674475233
2.7082935250483078
-1.7707232512868316
-1.5402765711303950
-3.3644879341629719
-0.3925081240123383
4.7626791989332853
0.7032990143019755
-5.0660174628734982
2.0404947364491064
6.1309783251461845
-9.2483778333221593
5.3816512055781578
-10.1083041098388833
-1.9094054898403841
-5.5361415805370857
2.4599087534849939
-1.9038444147168296
-7.7051825745106477
-4.7933809214212912
-2.8881379364823481
-2.4401021604335309
-3.1627678697799526
-11.9116266715926038
-0.3430465367831612
-0.0147781691380133
0.2435253904272150
-7.7892040651016998
7.7074352734390690
-11.5043001453137492
4.2972866472375317
-1.3874322493067179
3.6945144625991633
4.4085213357892785
2.6708501732001411
15.5674808308594681
-2.4742659525570914
-6.7526909292478621
1.3156851219592562
-6.8965564635750276
-4.2442246445941194
-4.3262396022647840
2.5868217758207077
8.9820349228185741
1.3737882191193265
1.8593135189187500
0.0308584568813930
6.0029548946580293
8.1605468712719542
-9.4584828146829132
2.2712064619739358
5.8295554515402053
-1.9466414294769510
-4.0927805627387537
-12.1895896259261729
-2.2577711896583930
2.3304648064706783
-0.6588331726667089
-11.2171885117374934
-1.3854199517603027
4.0537024872844665
-5.3131929902979556
0.1292589343645036
-11.4681842649598753
2.5792005806077887
0.5037500069428038
11.3745923703964351
7.1940185563000867
-0.0399830269648506
-4.0176423132291461
5.3061604934019027
-2.9154404220263563
-0.3057798521327286
-0.8213954378365873
-3.6418461527324539
-6.8496662263280328
2.6830042736500541
3.9959423425999190
2.2182676091456504
-8.3612503598043446
4.4496629289299268
3.4297643717227997
5.3715485328348915
6.3076652819084291
0.5189327972881179
-5.4970583156548667
9.4155248032732768
-0.6011945889277972
5.2259088348795064
0.0715145731860785
-1.2234935063253718
14.2916016589558428
3.8488533169054993
7.0631953494393436
-5.2028103148982723
-5.6720760630732707
1.8285117510223374
-0.0743133491931478
7.1810171996793803
-7.9835752614296389
3.0369135795197879
14.5317041261595588
3.6158674700770290
-3.5064501753626818
-1.5477869304027663
7.7019246307179383
1.0807021531466399
2.1904146294499993
3.2295769319696070
-1.3770483635328343
-10.4190106377694462
-5.6829958488875505
-7.3330523946123325
-10.2984827262332566
1.4137580673559578
-4.3827945162149655
-12.5433367766126551
-2.2679835666192445
6.5645647815456520
0.3511673521259853
-2.1995328048417737
-4.1028779898426944
1.9125702616788920
-4.1728240117899569
1.4266571928774217
-6.2773838418355972
4.0250333710293660
-4.6798039098554529
-2.5728838927950228
1.8930804139055468
-0.7507948603830732
-7.7600678747310781
-7.4430155116862498
-7.8140743453491774
11.4699886266765958
-2.6049211289882233
-3.9605905571588660
8.3930767096263121
-5.8183458314519259
0.5896471950056974
-0.5129144440757805
8.4145339153275636
2.7444416543161720
-0.5768143710979805
-4.0977987825385034
-0.8066019507359456
-3.7698527716418999
2.6824597859318686
2.5575553139438960
5.0515960934413737
0.7790974293979300
4.6425242817560113
-2.5968120397836838
4.7707975317711160
-0.0398500289599459
-3.8268154610914733
-1.6321689909257913
-1.6029460859561140
1.7255443732467302
-5.7703452807921423
-8.8828453619444332
-6.2001338862847550
-0.3330140762730023
-4.8789547140557747
-1.6958309752368508
-17.6086846301821716
0.6733980277638123
8.0633737536709376
6.7926878820124355
5.5822875785474562
0.1716961869570097
5.6966504452051279
%%
252.8712922115211086
5.5216478019483981
-8.8067626845091702
0.2773837934254253
0.5645830126211053
0.1919550685174585
2.7616471855942448
4.4469072817027868
4.3181396282283675
9.8526476217538352
-1.3595669944883957
11.6128294552359925
-15.7339233892074120
-2.0734295820668596
-0.5309977724661326
1.6647572595294386
3.8246386412151017
-16.2423003835340509
-2.2671015107752961
4.8452424514440189
-0.9795241663480876
-4.0511185493883133
7.6953914392990121
-11.3836358483666160
4.2257261739416840
0.8805602537456241
4.8194387377203967
4.5225616714085879
-2.3231198899996772
-0.2018177750512722
-7.5884514213709675
-1.4147119851756598
-3.6742936257684096
3.2950557056785073
-6.0304200753509889
-1.9166221071627492
0.6479394597036272
8.6014610613300899
-0.9581212134239161
-9.1589201066241372
-0.5135497346119902
5.4357947552816039
-7.0885051055294888
5.8503621909485446
9.7356910001879946
16.5200582828916502
-10.2495419028892432
0.7703571226806688
14.2370599780504286
-12.9122045683099493
-11.1411335552667463
-4.2078433801917017
-6.0790050420844741
-8.1404562504107432
12.0150470056603424
-1.6855312516262639
2.8672701648391001
-7.9176107916957523
-7.7308354829259800
-3.8348251880545963
-0.2085772638077030
-3.0345471657413086
10.3880396013244098
-1.9157984507026740
-11.3779160024143078
11.1970497952517718
-2.9226974555589944
-4.5764264476197125
1.6984236371468369
-13.6332943826818997
2.2857577874057822
4.2183076833295079
2.4666921103781916
-1.9068606366875906
-11.1811236809512877
8.2505100168661745
-1.0893567772650639
-2.7259943295364195
-3.7415742191167922
8.3446335268330234
-0.8976865463410713
3.8477485145894947
5.3566516378309874
-1.6910488037556728
11.3470790361566962
-4.2522474139971607
3.3257739277792853
-0.2610164656618663
-0.7908920464722851
-6.6338075813364634
0.9535687808558748
0.9227226572339955
2.2397512951617196
-3.7213061846276339
-1.4215825125392589
5.7663230843103737
1.0146561316296614
-5.5549074235945985
0.7882422545402574
2.6001671433785432
-7.0138907930985743
2.5372118159554731
0.7806077051002207
3.3874609665273367
2.3876741214206736
7.1489816172068457
-12.5981140998302514
0.9275798904733781
-0.6580198908810981
-2.3148459722273094
-7.3804443531987225
3.0303058159369636
2.7870910994937024
1.3173985249888487
-4.1865008263886931
12.3246027936045479
-0.1389117641520103
1.4817522074422493
-2.7963854632672724
9.0692414428178942
-10.1769699862136278
-0.4321632327225302
-12.3795143302340716
-12.8322849480370635
0.0376632408698549
-0.9645033144025312
9.5082321287960347
5.9209138557425671
-9.7057044607148200
2.3643825421052047
-3.9058214644995486
8.4356403732934204
6.0430103795453256
-3.4191294839041846
0.5925657734952168
-0.3152536103289432
-7.6648675133697157
8.5955950977055515
-0.5048663364911485
-1.6640622670162832
5.4813523958785133
-6.5163705332037924
-2.1931639838532586
6.5951663883916822
-2.1992005461505375
8.0780372564545182
-12.2651757666144476
-4.7086594511981268
-3.0121041959639432
-3.7515230717884260
-0.2970303507228544
4.9000006381455403
-0.1923639865963660
2.7575378543020403
1.6374084405336891
10.7233759249847012
4.7978570699730874
-2.0906300246485627
-1.9866218054108744
-5.8695513827349579
-4.0649692132025823
2.2435927190856768
2.6788004208018203
3.0045629751806802
-2.7075765884906908
-9.3043780870444817
5.6529666943835828
-11.2888792110538105
-4.9162479712600966
12.1435034565108708
6.1583985693756498
8.1567258782682615
-11.0516563378579438
0.6479850660874173
4.8623912453206515
-1.8108929946956982
5.4862490184830355
1.9833494218755818
7.6302972962280009
-10.4148024652704940
-7.7029404799869212
-1.7373699192189989
4.0185965621196642
-1.2113598003775774
-7.6813002907755070
5.1740594386556626
-0.0573445038843357
-0.8556659300929732
-10.4453602381561197
-6.7817813666133571
1.6382720838873086
-19.4163751981202779
-2.6565397805570132
-9.5060552533515867
-17.8679711856390639
-0.9384208842817281
-1.0384033696242190
-7.7169674894912577
-0.0832459245512891
0.3681939205839120
-0.7434321890830797
3.4245256194771549
-6.0715415435663722
1.0242330580988948
7.5184860413040466
-3.5912125885422319
4.3326817564230478
1.4541891309207307
0.7805276905767853
0.9364720201512791
-14.2623387110915001
-4.0230536954181009
-0.1456008825065644
7.1964604776160677
-11.1758908866786726
0.0554860460209989
-4.0223211573370712
-3.3532213506677540
10.4498486953684626
8.1781872950958157
6.7671289016635949
-4.6541961196509565
-1.7653478628736639
-0.5950464056697455
6.3775551149946645
-0.7499816542495631
2.7705526318728930
-3.2225692018691787
4.3496924709917657
1.9671465427926791
-10.8479068726002126
9.7777243789619828
1.1415186983614316
8.3016650615287979
-6.5568670010884702
10.4674818549554445
6.0764849009796631
-5.2527931658283435
14.1407874061522225
-2.0499326609496586
0.0914011826235517
8.5111246324824297
0.9093210507157676
-2.9377869084315478
-1.6082372474173408
-16.1217843793457760
-3.5259613889047694
7.5131424729123477
-4.3752546208908472
-6.7084313161729501
3.8322528811447061
-7.3747954697704934
-4.6586449510170418
-5.0642974015845521
1.9649157937856461
-4.8020204507835080
7.6957075017018610
1.2096050594694798
8.0280335313806042
-13.8799984791809656
0.9853229166756932
-8.2235844119348727
2.3850196876132488
-6.3212669305468605
3.6049893624437201
-0.0676619784171058
7.3288064045604200
5.4428682087969795
-2.2949517019332388
-0.2161698048858707
7.1918926968288091
-4.6538768595116542
-5.3842488421787911
-10.0909745508162008
-6.0772926732984551
3.6503069841102409
-2.5969106956144836
-1.4660469313178850
-15.3761263399323482
-10.0819012680958977
4.3582859921821466
-7.5347248712618473
-9.1261069969174926
-3.0158958618917682
-9.4417227492914133
-8.7330782730623895
6.7127709789761365
4.1683471586274425
3.4186279510566622
-3.1930908739286803
-9.4931026901911473
6.0976892035335686
-8.6481874982480971
-1.0453113174288151
-1.2810554075708440
-9.2573437990118315
-8.6937659715321463
-1.9453858506449184
8.6346405257030199
-0.7475065191911203
2.3102541976780779
-3.6983662578390879
-0.0898238111177765
-1.3761423376022002
-0.5814800834431351
-9.5561671405890074
2.5701186576141257
0.1403229160464727
-11.6652001051528700
-6.2225604167750497
-2.9310839479956776
-4.6888470633607024
0.9143561961271826
8.3766402560582147
4.8349063292581596
20.8516229106801063
-1.7148787576690887
-15.5817494201389017
-4.4208453687711060
-13.5303102460831184
-0.4983874440072444
-2.4292720580852700
-4.5226624388876573
-4.0870798734025220
-5.1160868511996442
12.8953354636568314
2.4486708119205098
5.9567004252296289
-2.9288247981560347
7.4896101570339058
6.8412006290949314
3.0756731393626677
6.4641571984293069
0.4104813993296892
-4.3057926298356293
0.3444651986788774
-9.1989694763924348
1.9730381011570861
1.6628458655526424
1.4890002930049937
-4.2650938976587298
4.4276859870310119
2.8342025539209459
3.6423154850598181
-9.5175631876868163
5.0223585123654724
1.0725341934042358
-6.0343108690907927
-4.0029612199391700
6.7882592287082506
-13.6469515195091056
-4.0572330494683442
-5.3780540086419757
-3.7865990768360303
4.4232966993949123
-4.6334633184693903
5.9972491871165330
2.5873628699339513
3.3018934374946598
-10.1568858666765820
9.9680229573463617
6.0924599665620880
4.1243932863330564
3.8151833363026544
13.4120370081626170
6.7794681989404504
5.4546416710024133
2.7641064885151172
19.0339755836979521
-6.2305437598641333
13.5231024188591302
1.4478875311262325
-6.9348956591146136
-1.2066796410770753
1.5330100181666886
9.0645799662510029
-1.0581348997590636
-1.9059882392164109
6.2774660247847951
0.8491227120891969
-0.4826122608220240
6.6803899197493948
-5.1896864051735667
3.7460099268845481
-7.2608901240215218
-0.7002790169893092
5.3895853542890011
0.2009814507375189
13.2170137903132847
10.2205336444216304
-5.0835608235834471
-4.8102549913744568
-2.9498828169579614
6.6505487844169577
1.3708034203471446
5.1664988233714189
1.3169529339431700
-8.1036068988091063
-6.3164873031505770
-8.9634851089384266
4.1733376044284682
10.9667200431408034
9.7792465609317958
4.5039514582122067
-3.0878755841161900
2.0347447418430469
1.0390011594984949
-4.4603853889256726
1.8174846313547752
0.6927684732766566
2.9960966750326303
-8.9732961508042699
10.7893307759357366
-2.5566398448019343
11.4038130109304667
7.7573771108351082
-2.8642756662806055
-3.7617497765816763
-3.9400562308662281
-3.9952865023012540
-5.8183666484654655
-13.6677284744389400
5.3938701188214058
-5.8980006934341596
-8.1803286763557903
6.8868194982471040
7.9534540250931220
-10.5987837223097650
7.1616139370657894
-1.9578194246882539
1.8404248251376563
4.4593649206060295
-5.7883665901673256
-0.7009152224223347
-5.7039964853623921
-16.0693661678405100
9.7893373660115692
-2.1284120032668659
0.7386471920292212
8.7798817350668354
6.1473841567277780
-0.4007290001953971
-12.5298293870562834
-1.1284858411330216
9.2068558459133385
1.7266745736765028
-5.3111358963245321
-1.0232828164914949
9.0428356264689800
-1.9198089718348337
1.6684073210613075
-7.4214811552369149
-8.3888345875283115
-10.6816799373684255
7.6243458836774440
6.8417952792438310
2.4365177767154802
-22.1265419592411838
2.4954786754311580
8.6429905751198071
1.6141137625221367
-3.0198260419826588
-2.5249882890660711
-7.6318920684925731
8.0806410198174135
5.1477968242093111
-7.9773387045744091
2.7380037873945717
0.6119556973472287
-3.3767158635006247
-0.9448208574910888
1.2261376467792060
-2.0172998471726018
5.6049505681532743
9.4438733894864590
-6.8053039812225702
5.1369678221391180
-9.5150016897524576
4.7005955417938878
-4.2165404587167421
-1.3112855237320789
-0.2664117095864221
9.4142076400856070
-1.0113952351402005
-2.1171165692200167
2.1896461991418463
-0.8512003204998662
-9.8941254721120995
-0.6093938051319967
4.7385876499671387
-0.2684290005742032
12.7942452133401119
-5.1948123819145877
-2.9810191265459913
-3.5006755836788468
3.3539914430463513
-2.2485630339046545
-0.5060874413286118
-1.8489241214545513
-5.7491149823152856
2.0434164331600706
1.8671726011221548
-1.8380148696498448
-3.8574915211213305
-7.8940954513783472
-8.3715057096981198
3.1007689530972682
4.0070965641820280
1.2309816248752199
-5.3914855170501017
-3.7763877254537666
2.3550581643856274
