%%
0.0000078263692594
0.7556053221950332
0.5327672374121692
0.0470446162144861
0.6792964058366122
0.3835020774898595
0.8309653461123655
0.0534616350445252
0.6711493840772423
0.3834156507548949
0.4174859744578069
0.5889766428568292
0.8461668905085730
0.0919648907575593
0.4159993568509814
0.9103208304896582
0.2624529936641701
0.7360818845853591
0.6326385678875439
0.9910373855340469
0.2470388856004173
0.7226604007755687
0.6515185747535520
0.6316347181013016
0.2727099667641846
0.7664947778761828
0.2377744336788424
0.3592649793062662
0.4865173830122302
0.9092081016438119
0.9046530923362137
0.5162919636425990
0.9866421120179082
0.2661445072228762
0.9477642499598508
0.5007070947907433
0.2770818002880932
0.5297473936945887
0.9409799538277928
0.7615142621852058
0.8278173002543939
0.0158677012733499
0.8682471317556906
0.7362245143094214
0.9994578789917090
0.2331948784334561
0.3510152480336908
0.5911135825287148
0.4120807705503333
0.2693172722446347
0.5373039755678288
0.2872123714942543
0.1537199770816229
0.8024057270038900
0.5344498411447042
0.9553607599601898
0.5545838482466451
0.6248492913436374
0.1597675225510111
0.7147099677076144
0.0909903366542376
0.0029996009557506
0.0268762908069772
0.9378972993874444
0.1808959088199287
0.8869906621458896
0.1503350595712359
0.3858147037149475
0.4997410324866609
0.5871866231724557
0.5901086100331082
0.5561461386066611
0.9833050970841689
0.1418197714452724
0.2521264065299772
0.4640305286571526
0.1260308060450623
0.3192496738951884
0.1267121588470005
0.6216340258818278
0.2478417583032706
0.3893141697111140
0.0283751813826967
0.4264974130440957
0.9474867800937439
0.1311885314673132
0.0921736299489502
0.0710635651233902
0.2530573635609156
0.7831531687561204
0.3495241447116826
0.8089445870411325
0.6516460551189474
0.6795923675781080
0.2501255940879349
0.4712623285461507
0.6003937384115503
0.7558435321579891
0.9513674503897165
0.4393303205442290
0.6889809131105341
0.9871454997859641
0.8512696683645573
0.5374257413379037
0.1034339280349360
0.5767166398357212
0.4400386593491019
0.8692637378672434
0.8007203269753234
0.7417158976857159
0.8860311172371875
0.4633227342103248
0.7134223206496901
0.6676790652180459
0.1995547470634592
0.8658826690473979
0.5439483069553731
0.4503474363360309
0.2155319821161833
0.3157324126529192
0.8815041188530177
0.4675317813956792
0.3651580602699696
0.9991166540417432
0.6304882697903030
0.0005950424822956
0.7733520161236412
0.3191775881308958
0.6824942322832039
0.2052618801618283
0.7089206109330620
0.0945488033325173
0.7640048534441762
0.2138521774736476
0.0810607974794976
0.9521596682966499
0.3898535856929857
0.6921689792965394
0.7768658216934957
0.4224598176881950
0.1939674728521926
0.1918238374366536
0.2440542468074962
0.1364549380431208
0.6010101077151532
0.8283547171523584
0.9879370005745147
0.2335991930373009
0.2194106454120067
0.6960073046833311
0.6962428119481741
0.6695206419888514
0.0564406626189317
0.2270077216564714
0.6998344402293835
0.7625707219180514
0.5539113458031376
0.3296663883745979
0.1430452601718927
0.4853251755634906
0.8132657128447973
0.7389966089925712
0.1353322156403829
0.3107388658964722
0.5180835870644467
0.2588427575579112
0.3930176037331194
0.4758962236698234
0.2792930483255969
0.3697420076326197
0.6717841516583153
0.5139363722474949
0.7207678201239406
0.4606973381995677
0.3215600900918060
0.5171453177543103
0.4018329053194415
0.9865026711423428
0.6700984005211379
0.5417101688411600
0.8292387071201758
0.2742097327831247
0.5461366006853695
0.2666133210373173
0.2467331454375447
0.6940236658295726
0.8171013318081858
0.1607489111650497
0.7078263008537825
0.5824211168021062
0.9915330326145203
0.2795117428896537
0.1711789286561212
0.4956910761518828
0.1630810555830044
0.7829920080411211
0.4364256763069079
0.5847872004773408
0.0668497663302579
0.3897314110723005
0.3857694330558970
0.6590533301509234
0.5386612892796571
0.8159321657456142
0.6861016343748670
0.0093475217043178
0.5209600690384210
0.2206851477831067
0.0706348708228371
0.7237637307139876
0.0506025944140752
0.4571618961436497
0.4464895764582276
0.2859423860376433
0.6956373996546666
0.6811644656961618
0.0574752711958602
0.5423931491292981
0.8561926194728318
0.3775504046946533
0.5761729611904235
0.6793321988914778
0.0355877019630688
0.9733556420418227
0.3513187437091576
0.6076114674134233
0.5528621424701354
0.3569249777854071
0.9742523361808864
0.2515275977791881
0.8130480106049441
0.2445862210563320
0.6948564200172463
0.2636202477214952
0.1165710455349512
0.1136756693542356
0.0060793701587614
0.5993593091142174
0.0825065398041655
0.3753100616742438
0.1236373740824113
0.0296352920260445
0.4942446264877192
0.9340304727358886
0.3596578279322283
0.4999553312081635
0.6719034727066305
0.7567701771654050
0.2305718847692813
0.5626020480704503
0.6166104281398517
0.2248011954244232
0.6530115979970487
0.7441042278633007
0.0476386025769816
0.1249449132592161
0.4841804632377720
0.9140249862866593
0.5935456578589723
0.4965820012132554
0.4416326039664599
0.7719441516194232
0.4427903361817777
0.4677413611056941
0.4459298669574456
0.2053413089389639
0.3725197670853323
0.9648512499243259
0.0703352084710892
0.5263378403737852
0.5177072163288049
0.8415760434426256
0.4238904758467760
0.7135465446457018
0.8718842295333205
0.8365978337063444
0.3890602273815592
0.6056025515336555
0.5395046749801863
0.4016921782874000
0.0830857130154435
0.4723799468355160
0.1049691429850502
0.8020186493182642
0.6688203512080109
0.2437503162043869
0.2636629274411420
0.0810055192937169
0.2328669811752005
0.4913430849515568
0.2661191580193672
0.4251911004191223
0.9634755779818983
0.7958556580337955
0.1711552330158442
0.0638036229944805
0.2924679989425782
0.8258365168356506
0.7264431150287590
0.8020843555229178
0.0453407163942888
0.1533151106691524
0.0617313799735770
0.9291497897026827
0.2045629197752862
0.6996909895444713
0.4946309144118013
0.7115712718626350
0.2006445295180402
0.4360962395724357
0.8611874360876099
0.4445192028975669
0.5237717402743975
0.7531737721307081
0.8228910322407684
0.2320780941434568
0.4306184078709308
0.9873247402661129
0.8505305833418531
0.3116051877437184
0.9975985912594938
0.4680747256931265
0.6907726189544297
0.5415346466663921
0.1592161153253243
0.8213336951198679
0.0410747672622440
0.1100194287067370
0.5187732733407865
0.5614837196476216
0.5169081052378324
0.7371748950039851
0.0227995468409730
0.6709910080167423
0.0662902784842487
0.9211174901207525
0.3801145960484233
0.1673128065500934
0.6911264558747068
0.7136953248240497
0.5898093355772129
0.9296977715239384
0.5059696112321548
0.9192361300435086
0.7238364572282119
0.4908170059746210
0.9761155685298682
0.2732511112807556
0.6985581632231167
0.0974325421719963
0.6107376667720906
0.4951253395970563
0.5888880414836518
0.1512168902676631
0.7313638160616922
0.0516167111003849
0.3206422954428207
0.2451423323923453
0.3829685148703719
0.5971685077981876
0.9352515041526647
0.5131484905784710
0.6501277441392316
0.4075377431733244
0.4797828553615989
0.5341986462167458
0.6055381747919778
0.7033694585335298
0.9382540252703494
0.4134942271809532
0.7830023354771558
0.6814911154478281
0.5274129987356313
0.1436841507180054
0.2514221166499994
0.0048156087309195
0.2753530532472548
0.2789285673196095
0.5068199529809970
0.4164754252026209
0.4364912083542399
0.7661748001194442
0.4412652214249900
0.2970641768989452
0.3385095947135750
0.0556061868814780
0.4852860404575644
0.1144745848674674
0.8646094984675802
0.3673948302713199
0.1622038186351787
0.0577229280293560
0.4681014225204016
0.8837046548182632
0.4122479499374739
0.3083274910730903
0.8144164727136569
0.9194919508506972
0.7700464566098743
0.5724419232329548
0.8032678178526776
0.8616217765312744
0.8694940716351820
0.3891718864390495
0.5256702487942159
0.4200380711909561
0.7491450457596895
0.3380846997434668
0.7431260141279203
0.8791618295382531
0.7101135871885873
0.3593794164989979
0.1610291424025917
0.0964285531530290
0.5626115931955220
0.8781917867614849
0.6352053622879112
0.8784129511930109
0.1130705946651616
0.3826195976615975
0.1217395621918792
0.1433020551424949
0.7085879704489316
0.3909666139590399
0.6287666566803897
0.9086905694141474
0.8592130825199248
0.4288732974924488
0.4986305630293817
0.4507347924871066
0.7407587816662895
0.3001217466313959
0.1100184638565492
0.9724762407003326
0.2384103742606986
0.8334740334346303
0.1294815438471183
0.3391191574461382
0.4402680832148846
0.4328772655841323
0.3823168996639163
0.4294727665509436
0.6701966680913217
0.6980664449269262
0.8492782487763456
0.7933821770331739
0.0096078882969953
0.6390579220089400
0.6448979017533818
0.3773640549636278
0.3895004644941075
0.6935886771853961
0.2915253677831615
0.8543651275589900
0.1441424554885097
0.0055881971519385
0.3819549313662364
0.3444555324243640
0.2909998005679807
0.1243907074091913
0.0486974502209096
0.3768165569644498
0.7558556537869645
0.0115306051501681
0.5609144198526230
0.4155602196303942
0.5145902989965818
0.8420439040484111
0.4650070422631721
0.0500430683838404
0.2024493474524698
0.8315239217279125
0.8395485835334047
0.1811957830475624
0.9341101576267323
0.3690404628259318
0.6278303356970801
0.4057863081832352
0.4448501176409657
0.7483110710737813
0.1310230605914365
0.6653081083974373
0.5812850951129966
0.9820324219679611
0.9214728790901009
0.9677231553791664
0.2787957276584561
0.5904585638039087
0.8346914909010248
0.7304482076924519
0.3495290579039273
0.6641472855881543
0.8691879794323761
0.9179673152593744
0.9517532717211886
0.4160074002184008
0.9625354274001603
0.5261817074037072
0.8181073296899476
0.6628930343607874
0.9414289714495786
0.1260336153796099
0.8867255416171278
0.1629580530165499
0.6024051432508999
0.8386786248715029
0.3915553807241635
0.6673478673525843
0.0000402252190002
0.6287531711295029
0.5743459433197723
0.3513925794285688
%%
0.1315377881431662
0.4586501319234493
0.2189591863280904
0.6788647168683190
0.9346928959408276
0.5194163720679545
0.0345721105274614
0.5297001933351626
0.0076981862111474
0.0668422375185612
0.6867727123604961
0.9304364947278223
0.5269287775861698
0.6539189622988547
0.7011905944446059
0.7621980396854682
0.0474645137076567
0.3282342261300581
0.7564104859514211
0.3653386707256263
0.9825502862141237
0.7533558349839206
0.0726858829486584
0.8847071285754010
0.4364114056510904
0.4777317650046813
0.2749068403034037
0.1665072004154824
0.8976562865533196
0.0605643275475895
0.5045228947440734
0.3190329411621359
0.4939766849828776
0.0907328948801071
0.0737490752123990
0.3841421480216748
0.9138174419821321
0.4644458249511411
0.0500839837128688
0.7702045467543437
0.1253653755995284
0.6884553011918698
0.6295434178922061
0.7254119984458256
0.8885722136537415
0.3063218310970449
0.5132737022420735
0.8459815601101059
0.8415106394521475
0.4153946155753893
0.4679173684995236
0.1783277039315215
0.5716548108363779
0.0330537543786009
0.4984801190432534
0.7482926509102307
0.8907374813643925
0.8420396125139853
0.2127515148430837
0.1304272618752100
0.2745881477718186
0.4142932633004586
0.7098195928660312
0.2399108047782959
0.3175395365420448
0.6520586859677260
0.6813462137623439
0.3877253371233704
0.1475330033095242
0.8455756594639158
0.9554088264496107
0.1481515621525010
0.4087666936259562
0.5648986806929571
0.4885145493263912
0.9610951407631371
0.1997571993618073
0.6292691564323702
0.6512537415378046
0.8030729958801870
0.4764318030683472
0.2032503346927698
0.9016734989833429
0.1420210321163857
0.4103130355525357
0.8856483711328583
0.1621985520060167
0.3653390288191564
0.1351093683089639
0.4553072841164224
0.4523001692501363
0.9316744003126745
0.2152483841475325
0.9089218852617414
0.8608598359212558
0.5059558751554954
0.8175614829256951
0.4622449793211394
0.6327386999655229
0.8246973868574470
0.7022066487475329
0.9544149026993731
0.2893162031142582
0.5144346661467266
0.4140284831700979
0.8765657189658683
0.7297476803556773
0.7156423347609315
0.7065354742605870
0.0190924038268125
0.5249874054104963
0.0651938729291753
0.4889431593422513
0.6820491196969752
0.9166338955595316
0.8900186796160502
0.1391949989549792
0.9893624996716913
0.4460234266920124
0.5146594576140211
0.4397255626692090
0.8066499171809526
0.2115189573781187
0.1536044795781395
0.6163503656239949
0.0008789999414603
0.7273349900391581
0.4177237159655074
0.6805619838091368
0.8364198798483330
0.8287079519725907
0.0817376096182212
0.6295718362692613
0.2135467995952567
0.3888232379168380
0.9475450617948291
0.2692147420110250
0.2840350369382813
0.7838652025833098
0.2821558854925241
0.0113162268005853
0.9832357978370208
0.8197260935882693
0.3981436907305120
0.1768803685795890
0.1577311796870693
0.2571686558691639
0.1016373779166664
0.6347174395968753
0.7947698127454006
0.7529404129613845
0.6334299066259665
0.5982166363849382
0.3187778803141685
0.1174369352485225
0.5261232766910099
0.5879889133330383
0.7029894118676844
0.1616877090007475
0.8602256955859371
0.5568357825078237
0.3160073381457512
0.5285482679161002
0.5881191220079172
0.4308477921555041
0.3702262758138712
0.4468659425372565
0.3878312187212665
0.0782632083065171
0.2539222814393799
0.6762369213049472
0.7286083636472972
0.9447528230700423
0.9401631201338783
0.4604341729825522
0.6613554966921711
0.6056397038538194
0.1503938893556566
0.3438175587653264
0.5228077133758029
0.0149505687947155
0.6429788859761222
0.9178477190052381
0.9700866741920293
0.8439753688145314
0.4557515976278817
0.0220837001791614
0.7069499509907095
0.4366384495220326
0.7517100929989061
0.6956791522426899
0.7538627464109393
0.0042539234292945
0.0799168846942097
0.9033011835549498
0.7466791471218127
0.0063416902005401
0.5184784226671226
0.5440227126442002
0.2158258921540463
0.6268613704605314
0.7093198465692437
0.2802889231966291
0.3719096865374175
0.3101689383900580
0.1037972844689141
0.7758803287408689
0.0552787906747678
0.1602739194223070
0.2970221099895528
0.4778043173615841
0.5199884863197750
0.1503115334316676
0.8336821346700574
0.5777759959817752
0.3311749553918722
0.9868829888230576
0.0016574161134928
0.0293554798836613
0.4896517030380907
0.7389587274468312
0.5362667690665772
0.1225068932969621
0.1882757969146016
0.6141255198112342
0.1259328174059898
0.9540284955660014
0.8381016393369537
0.2590141921578973
0.4243358748146965
0.8979142372952374
0.7606172937716438
0.4518512298594468
0.6655034551701990
0.2095623059242788
0.5469748366377200
0.1759742583036303
0.4319082826524546
0.6874144886096075
0.8362065590155342
0.9733462030875246
0.0803530817294275
0.7694373790963727
0.2501552720787727
0.7691140569602670
0.7492516156049686
0.6816657803401658
0.0363676189614309
0.2216673173111245
0.6526219200587934
0.3714657464863108
0.2336914982803592
0.1659275363972073
0.1597576984948282
0.6619935113294020
0.9491571476446266
0.6210456372336697
0.0179445198820646
0.7218716357470824
0.0536943911824815
0.5191748642917605
0.0653562676465866
0.9771802071375680
0.3290561034013779
0.7432739537876444
0.1713793371670783
0.9397254031802180
0.2549574781465146
0.1238487735967379
0.1600831622071952
0.1051848382247541
0.3685621402079994
0.3272275567647198
0.5767758603099621
0.7582457665159580
0.6997911025303375
0.9352416018653855
0.3620836261483299
0.4550723919901403
0.2404404763320649
0.4215786505591025
0.2897664645173431
0.2163861497381638
0.5274390920658778
0.8636427530383890
0.7115644471308051
0.3828215032735940
0.4597627694996832
0.7953526115954633
0.0032287808150187
0.6646888315047551
0.1868247441886108
0.1340391417658139
0.9460445740008935
0.6060012972941629
0.3474916682334112
0.5096582279119912
0.8343384567808073
0.3294342883533958
0.6317632736786097
0.0414204388118444
0.7670650164443371
0.5193032159094249
0.2205155329874323
0.0889926632349345
0.7064612739283876
0.2617785191451099
0.3783661953072838
0.2326076097006945
0.4694984939272974
0.9772383244602189
0.0342430994074061
0.0316387917993771
0.5915882008111050
0.3295788705952367
0.5365282690788286
0.4035810867341147
0.9669096525604416
0.8675142265239331
0.1483904086744368
0.6395232983117566
0.9319147243778756
0.8154067670998195
0.5728065220512480
0.9452502727253597
0.1554138796196384
0.3436133765352952
0.0965382741282407
0.0224050385981822
0.8568761175763216
0.6745247322481707
0.6984603319775594
0.1919837562329992
0.3458717373879029
0.1407104847676635
0.2216564594868833
0.5860157858515231
0.0263396874192821
0.7623438861977048
0.0773243178042231
0.9255030462171431
0.4304460028328216
0.8312559788260869
0.6016376412481245
0.5193366345573853
0.1614194154559725
0.5743602814964766
0.5314272956603334
0.6670492909229591
0.5487362847424747
0.6679654385279703
0.5715826077254408
0.4413132157369113
0.5022747286140335
0.0316565488612543
0.5220634641694201
0.0350595074869038
0.1071805181480853
0.5518294263406793
0.6111105641401887
0.7720302938353412
0.4866811523617623
0.6969957480658757
0.4868495140629120
0.7104500623934205
0.2766469648464802
0.2801037287712580
0.5304895730365485
0.2354027187616577
0.5974762302811613
0.9202523645573539
0.8211773316474525
0.2302697497560967
0.8995211175175016
0.6515145365388666
0.9359359405636489
0.8587659266119664
0.9524309406766812
0.1229497516168979
0.7024713804491197
0.1077388097102469
0.0998656074981511
0.3445764898064437
0.7576211405720660
0.3307583510553270
0.5731829170012767
0.2024819702852899
0.9743478675253446
0.4918407446201149
0.8049123700731026
0.1595798014474939
0.1492513893867151
0.3806083003900053
0.4241335305497672
0.6512945991248333
0.0601424654294469
0.8976568984322515
0.9012179476680318
0.1707962421564368
0.0314037762728537
0.5222146499539794
0.2771981611276037
0.5868619725046968
0.8118953811060150
0.9398714843857435
0.5798625063988672
0.8807840831022635
0.1895485884461313
0.7189194479579663
0.0728690494191223
0.8790598785872850
0.0898530986578451
0.4167963603589667
0.6746928429578863
0.8130468371384996
0.7693601002774015
0.8965239729250427
0.4864707009338172
0.3774845373711943
0.6875778984686257
0.0768217589132589
0.4776407799113732
0.2380193351944999
0.9758808095827144
0.6811988273082296
0.3624001435760409
0.7942779123756466
0.0735109555877330
0.4838728348183785
0.4996573308015509
0.9328434653267467
0.1461956338706406
0.0803220370227108
0.4081774504893355
0.9631601995616966
0.1980799358329177
0.1963074385171325
0.5756791972441968
0.5856745925665249
0.3682026725114336
0.6001326514408610
0.1487874217092932
0.9954006108433943
0.4027398868476692
0.8195271840409968
0.3742493965543105
0.4797786075993342
0.6464952042542841
0.7990347690875804
0.3576717736933714
0.3343067524648768
0.1448974549513764
0.6668563315956184
0.3146988839445165
0.6022493953827067
0.9208295326311279
0.5165314723348857
0.2641334562861051
0.8336481460526810
0.6346194262777546
0.4580458628284027
0.1558729015085254
0.6659731975132475
0.7948807588754598
0.2886544630344279
0.3206113280358777
0.7191552355509043
0.2318953416458775
0.3733593171338361
0.0738503272057745
0.5661826336598874
0.4225524810247833
0.2930434459322335
0.3575256803806525
0.5894192324902020
0.4630587154361693
0.9444520608263333
0.0504816356350117
0.5959271917100657
0.8641715370417440
0.1045793602730051
0.8333778357288697
0.6585935641352989
0.0189160155220497
0.1946788673264342
0.5230724576502445
0.7197947556710778
0.8370818522931458
0.6598875735233946
0.6430266870386091
0.5348761913063359
0.3234288801082544
0.4423703199449788
0.2766675643048564
0.1172378180163157
0.8363754706626644
0.3329283144944014
0.5359563341066038
0.9298900989489118
0.2432285017535223
0.5967231530680894
0.2469736851039220
0.1961779590678299
0.8359970491547124
0.6232426178749849
0.6716482153495998
0.8712838310148957
0.1156065948845849
0.6760652557369625
0.4545471735552639
0.0322693754137817
0.8550824559550185
