%%
1110300430572.0000000000000000
5352078220.0000000000000000
-16521731412.0000000000000000
17489838384.0000000000000000
-34443873258.5995712280273438
5917799952.5995712280273438
13905599434.5549049377441406
34302669827.4450950622558594
40171572208.3009338378906250
4896651451.6900939941406250
19351889932.0013542175292969
2537158008.0076150894165039
-4713498621.5827503204345703
3310186369.7327651977539062
-5127944606.8768463134765625
29139472994.7268295288085938
-9526763961.6298732757568359
-12756522906.1360721588134766
-30016439047.1744995117187500
4549057954.9652252197265625
-15006513316.7016849517822266
5995351086.9436168670654297
-7731267598.9680938720703125
28738406524.7013778686523438
6855125259.7295780181884766
10400685660.9505558013916016
-2476099473.9980139732360840
-2123346783.3593649864196777
11824039403.8987045288085938
-9711195748.9415588378906250
10847852224.9644851684570312
12034807968.7556152343750000
-21393872353.0541381835937500
-20779644315.9864120483398438
-2589894792.0035991668701172
1823524168.0181713104248047
6075478318.9139976501464844
16567248653.7842063903808594
13022462661.5683212280273438
12453789283.0072402954101562
-6488538163.7860012054443359
-18678842970.7585449218750000
-11359760003.4703788757324219
-13253253960.7985115051269531
-5772806033.6596031188964844
-4243474262.0315093994140625
-6015520256.4091167449951172
-33948747877.3341217041015625
-8101201110.9986124038696289
-4055855588.0045747756958008
-4844597204.9311485290527344
-9760171127.1316890716552734
-25615013382.1581382751464844
19191825759.1389350891113281
-5977717718.4202995300292969
35164199050.6259307861328125
5298450132.6914901733398438
-12407313146.6071739196777344
8017755485.3317394256591797
8811521335.4082851409912109
21853331088.2350234985351562
-17668985837.0925216674804688
-2517872615.3954944610595703
14212425007.3082447052001953
21509619133.1254463195800781
44972557969.8043823242187500
19936695368.6701736450195312
-12223600928.1957187652587891
20005111047.2336769104003906
-6738645392.0408086776733398
-20634312034.3392257690429688
-1996737342.3652954101562500
-2025368573.9134559631347656
-5323972088.5709238052368164
-23341481415.0445404052734375
32165527247.4783554077148438
-29473536345.4990386962890625
-35568671807.2693939208984375
4122673059.3808498382568359
12946081876.9534969329833984
6477041359.9388828277587891
-20944006926.0404281616210938
9158184460.2987880706787109
-19243317484.7526321411132812
-29905857425.6973876953125000
19874334280.2401580810546875
-14670865447.5587463378906250
-2161273160.1896400451660156
-10790419355.9461746215820312
-6005371523.3066654205322266
18567873717.3777198791503906
6849642497.7355079650878906
43965028450.0965881347656250
-24904514741.1515655517578125
6242310397.2735528945922852
4078447094.2740697860717773
20458082623.0104064941406250
-17301202877.2046661376953125
-6458659865.9656810760498047
-20017617853.7068481445312500
16008379395.1855182647705078
4830659004.6956310272216797
28839356542.7385406494140625
4271827095.7630367279052734
-6124392015.9396305084228516
18044656907.0378189086914062
-7860560726.4038372039794922
11701653579.4334239959716797
-53719029089.9489593505859375
-3281634738.7416687011718750
-16143148493.1483383178710938
-22785696832.4132003784179688
3833723620.4691352844238281
-42268626514.7163543701171875
7907664880.2287635803222656
11581778978.8298912048339844
1919223281.0721349716186523
-3860637806.5404005050659180
17173293526.8610630035400391
-35813742750.0424575805664062
5292679826.1316318511962891
-12872860249.0714168548583984
-30652153814.9249458312988281
10689821131.4866905212402344
-16093576773.8250007629394531
-13524520503.0009574890136719
9361383563.5634765625000000
-21018993290.9128189086914062
35635584242.8141403198242188
16012553141.2599773406982422
-31501629755.4254455566406250
-18502425323.4982070922851562
-19136253346.8168258666992188
18654090363.5473709106445312
29381097107.4195938110351562
5137266844.7416477203369141
2914349835.9503097534179688
-11358496571.5255165100097656
-21746727490.2861785888671875
-25755087383.9529266357421875
22925103213.3305969238281250
-20392324726.9194641113281250
-21971865989.8191146850585938
-3375167806.3366527557373047
34438763780.1005020141601562
13831197124.6382217407226562
-9055668417.3075065612792969
-14028624036.9761695861816406
-8489496336.9793510437011719
-16237277061.1944351196289062
-19926605274.6655960083007812
-18411037641.4017562866210938
-19722403387.1257858276367188
8058830558.7203550338745117
-7793179512.2698631286621094
-23120149147.1236228942871094
17223335701.9400177001953125
3639155232.0076608657836914
-8021302254.3894681930541992
3265819737.8877420425415039
24581814749.0360794067382812
2720472507.0977020263671875
-3369382525.4930334091186523
-2470435333.1530752182006836
5183720720.4285688400268555
7773164041.9110116958618164
11309272261.4380569458007812
3239555223.6279525756835938
-38940536861.3450698852539062
-13310839331.1701354980468750
-4100434991.6719026565551758
-7934240399.4260511398315430
-9009940172.6772003173828125
-56471283732.3827514648437500
-9694477702.3883285522460938
11792727997.3626937866210938
35852367894.7292022705078125
-2484527625.2101364135742188
-1993974684.2832946777343750
29552894257.4006195068359375
14618569505.6442699432373047
-12136514824.4352626800537109
5245283516.5882940292358398
5854396619.9060907363891602
12426451324.7078113555908203
-5201548687.2136096954345703
16340520157.1767692565917969
-21929244444.9663429260253906
16504661557.6332092285156250
-12664776389.6227340698242188
-6969407138.2214365005493164
8484297168.6277875900268555
11328867230.2305183410644531
-4124920322.1468820571899414
292479709.5001659393310547
-5247367013.2250747680664062
9707499552.2281990051269531
3358695977.6921987533569336
28261424632.3427810668945312
26754044668.4101333618164062
-13427054469.6963596343994141
31928983366.8791275024414062
13811913622.2687187194824219
-4575604283.4067153930664062
38647967254.3357391357421875
-11689972941.9614906311035156
7809840347.1534147262573242
2897830539.4563779830932617
-13594785147.1118907928466797
-17596717908.7890853881835938
12453416157.3805408477783203
-18647708771.7784347534179688
27278040729.7715606689453125
16000558938.0548419952392578
-3306863606.1593885421752930
12857653863.5026016235351562
-1876062842.0759382247924805
-10452518697.3623428344726562
6028123594.0596122741699219
21974606582.4963417053222656
12905691950.4905605316162109
-8610413708.9485034942626953
33412063873.1462173461914062
35256156022.7534866333007812
40937417699.2698364257812500
-12729878414.4162902832031250
35613695764.0081787109375000
-4237855125.7055969238281250
-13133590783.3639106750488281
307515314.5720243453979492
-10116088975.4826927185058594
15498728260.1615257263183594
-5620739364.4143562316894531
1855546888.1161079406738281
-8209660209.3983764648437500
-32567770215.8367843627929688
-13072824426.4770946502685547
-7222176210.5894069671630859
-19698179471.7764816284179688
-14217091407.6686496734619141
-27969311606.5476531982421875
-40072109720.0798416137695312
2715075967.0717830657958984
-8436254448.6450328826904297
-11045789216.4534969329833984
-16412773571.3658390045166016
26626687114.2844696044921875
-22476459486.5499420166015625
-6363401280.1534309387207031
-5121389864.7681407928466797
15324161219.6950378417968750
14813001150.5078277587890625
7472496794.7331018447875977
12835648259.4963455200195312
-2297108755.8384208679199219
-36570682935.8758087158203125
-24923093564.6865386962890625
-43117697874.4273681640625000
-7754266527.6186189651489258
-10838662106.6552352905273438
-15991949546.8176269531250000
18393752502.2354431152343750
4185847207.8951554298400879
-11005288242.3831844329833984
-17230269863.7257080078125000
17332712421.9167404174804688
26532666068.5593414306640625
-13127176761.7145137786865234
-28487055709.3591308593750000
-23323999793.9551467895507812
14560145744.4393577575683594
37862664158.4764099121093750
27014785776.6822586059570312
-25942144161.7331390380859375
34810405672.2122802734375000
-10107921405.9270820617675781
-18757712873.5183105468750000
-19385200054.7285842895507812
-8113701623.7721424102783203
-14800099162.5762691497802734
6345043309.9262752532958984
28066454685.5753021240234375
18073451365.5679740905761719
-9852043629.2964973449707031
29167394370.8129882812500000
-25870012925.4657516479492188
46912743588.9698791503906250
-18747474115.3977813720703125
-28281902560.1191635131835938
3884863293.6339645385742188
16576460839.8307228088378906
-19579428700.3745384216308594
15826194232.9417152404785156
6998008553.4497499465942383
20393352935.0446891784667969
42641943054.3511505126953125
27679185211.9867935180664062
-11023870968.1825160980224609
-32928499572.7238693237304688
32855089713.6145629882812500
14977077336.6156845092773438
12468274978.6392364501953125
13675846545.9088516235351562
-46525948512.8210983276367188
53024164160.8610763549804688
-1748382829.5198745727539062
-16921402863.8648509979248047
-17233930097.5896911621093750
-13416138998.8520545959472656
23964758515.7026481628417969
17702420008.7820320129394531
17733536979.9071693420410156
26001431842.2279129028320312
-19071584811.5186080932617188
-10492458022.7101783752441406
-9863670524.9635429382324219
4994693788.2980747222900391
28071968998.8829879760742188
22039298160.2302246093750000
-17781822982.9599533081054688
-4709340522.9223995208740234
-34046185259.9365844726562500
-5215775086.6081199645996094
31667432434.8966407775878906
19907004164.6659317016601562
6065757914.9237861633300781
-31563528620.5648880004882812
14584283211.7587528228759766
-17757107338.1860198974609375
-20204768622.0010681152343750
-9825365768.3872833251953125
-1590450591.4801788330078125
-426038226.7780361175537109
-17997386728.6355895996093750
5231793641.3868980407714844
-11188140334.7419815063476562
2533034617.2861709594726562
19722999712.3159103393554688
14306170136.3109207153320312
1420758721.2070398330688477
-1810705664.2091026306152344
-57912644585.9999694824218750
7011384753.1564331054687500
1779505406.1332163810729980
-28611065643.3707275390625000
-24604876776.9912490844726562
-14975760296.8612155914306641
-18188161434.2221527099609375
-25074081463.9139366149902344
16527137863.9694614410400391
2304179808.8588066101074219
-16728690350.5365905761718750
12090916195.5155525207519531
4241241343.5256042480468750
3200055651.5543136596679688
-16389663417.2827072143554688
-4107329647.7269258499145508
-20238373916.2428665161132812
-8771253209.1442146301269531
12413659541.5835952758789062
-30544416643.8705940246582031
23108593374.4438133239746094
-28022425718.7068367004394531
34241642579.3090629577636719
-401946919.2996826171875000
45859593001.2720336914062500
-11248168338.5904922485351562
29903290096.8828964233398438
25311912811.9516944885253906
29996427846.8819541931152344
-22194710.2917671203613281
-13976767509.1231498718261719
6461807156.0738372802734375
-30509001733.3725509643554688
-18112720308.2032432556152344
29751141532.3323249816894531
-8336621338.0286006927490234
-5814442235.5712146759033203
-10333696514.7669563293457031
42228059740.5565795898437500
24126747407.5640716552734375
-20962436241.5492401123046875
-5943285436.6936454772949219
-41746110945.7256164550781250
19866360805.3406982421875000
-42238506160.3601150512695312
-26153087749.3371238708496094
-19650903584.1317634582519531
-94177495.4937934875488281
25242744448.5538825988769531
6824072966.6951570510864258
11304506081.5804328918457031
2067483122.4671192169189453
15981258249.9241275787353516
-12370152116.4901790618896484
-17273497203.0392723083496094
27222015807.4904785156250000
-3826265295.5442523956298828
24903902056.7674942016601562
484517972.4088459014892578
-12054438783.7501602172851562
15446890256.3094711303710938
-53091628362.4414062500000000
7664822043.9816818237304688
2565073432.8117036819458008
1205199494.8214654922485352
-19893225555.1904792785644531
-5102007922.3985481262207031
-5812490804.6637802124023438
-41887427128.6835937500000000
2549741663.1441097259521484
-15585527968.7467632293701172
-24274714434.6929321289062500
-9581350356.1220169067382812
13431672449.6301193237304688
-4182847855.4445495605468750
18022307836.4899673461914062
14396457369.8248939514160156
12563094113.9115142822265625
-18215054369.9311027526855469
-7651409634.5229244232177734
2006989751.1600861549377441
4371611081.9299659729003906
-6849193328.5582542419433594
33616119064.9748992919921875
-1908150218.1257705688476562
-27861879020.0233459472656250
-13603140458.8112430572509766
14641951553.9552192687988281
29402432514.3680839538574219
16742323806.8862648010253906
4513792187.1657943725585938
10800759903.4471893310546875
-18652501916.3146972656250000
-2539574485.1041169166564941
-4729504832.1618251800537109
-12139171471.2398128509521484
4319259415.4649734497070312
5506340273.8937196731567383
7421190993.7610654830932617
-1555311163.7073259353637695
8935133397.7195587158203125
-14619055317.9432792663574219
5950101795.4753570556640625
-3705831982.1690359115600586
16516188314.3121337890625000
7732884321.6653223037719727
-14546112345.9604873657226562
-16178544731.5925254821777344
42549965292.8031311035156250
-8342432547.7311706542968750
-7730633083.5390262603759766
46387229191.3439483642578125
-2959867674.0801544189453125
4861358951.4404315948486328
-5862380473.6362514495849609
12031708651.1865959167480469
-13611581380.0675239562988281
4839861613.7152404785156250
9152676215.7657012939453125
6897009046.1839513778686523
11147652660.0503921508789062
1370704379.4945030212402344
-2386427224.0707721710205078
-11840893738.1459045410156250
1176037606.8968057632446289
14542190461.6259784698486328
18962888162.8636627197265625
12860775559.8567733764648438
-32126387104.2820281982421875
39944102892.5244140625000000
4309817218.5032844543457031
6726901465.1347742080688477
8397620075.8172369003295898
7580222511.5806074142456055
16315659476.2044258117675781
-14651210485.5328998565673828
-19462993290.0557250976562500
8413078869.2977924346923828
-12519039628.5514392852783203
-1807226047.7778244018554688
38974923912.6457138061523438
17167327744.1551609039306641
-17452977152.1070632934570312
5169264048.8891286849975586
-11142054896.4452590942382812
-13485743450.4277000427246094
7014901241.6241064071655273
8757558706.4295425415039062
10933349405.8975715637207031
33909690442.9792327880859375
30989662042.7966461181640625
-2033826115.2524003982543945
14947476267.5066566467285156
-30925000713.1674919128417969
13432587867.2957420349121094
13440305944.6707534790039062
51354947.4934148788452148
28478643914.1706504821777344
-12258826707.4553413391113281
188784510.6084127426147461
9130354062.3798789978027344
4080458372.9755630493164062
-21363142324.5891838073730469
10098621350.6223640441894531
4573082378.4440145492553711
-30987208978.4538002014160156
-8198870596.1776390075683594
-4881913029.3932905197143555
-10965096936.3040962219238281
5318773565.0373945236206055
7313930084.6960287094116211
-8416849261.8926458358764648
-12013812534.8565750122070312
-18403554613.8519935607910156
-5402806710.6827974319458008
8855993170.7050342559814453
-34106260670.6221389770507812
8347269700.1044654846191406
-1379876591.3812255859375000
-3157447274.5733261108398438
1021213837.0974941253662109
18936375988.9178199768066406
-2512580350.1571149826049805
3434932836.6573657989501953
15979225211.1254634857177734
31197696447.9783439636230469
-20541444326.8271903991699219
49197645812.4791030883789062
-22948793504.8873062133789062
-19268002637.5578613281250000
8978853193.8890972137451172
-1368659489.0927543640136719
25573999500.4786262512207031
-7381771832.0594348907470703
-7753667364.4385738372802734
7525840238.5767374038696289
-23864470325.6562614440917969
3888255117.9292774200439453
1182892405.6163024902343750
-21047776950.2254943847656250
-10712849681.8601856231689453
27724265367.1172256469726562
15633893675.0544357299804688
-3945746161.8520183563232422
-25996797776.7722778320312500
3870095656.4048423767089844
-16994018056.3440322875976562
41937334849.0696945190429688
29886342025.3528366088867188
21792181210.0165290832519531
27207892814.7113914489746094
-16126831966.3232841491699219
-27124955857.3084907531738281
-36965358806.7794647216796875
-11407890396.9697303771972656
-13005838312.7019176483154297
-3607729768.4580059051513672
23217761059.8733024597167969
4349009303.1681823730468750
50391352021.5971908569335938
-29095049102.3807601928710938
55957656910.5294036865234375
-3925868952.8414421081542969
-2667525376.0589523315429688
24941829905.4309692382812500
18267685215.6369018554687500
31651023849.2078170776367188
-5823348296.0326089859008789
8534195121.7860898971557617
-19036562325.2289085388183594
-8752633942.3449516296386719
-21207119451.5603256225585938
-12908028347.5938549041748047
41723944606.8354034423828125
4238167908.1198425292968750
1450594315.1461181640625000
40484251367.4753417968750000
23702407512.1536865234375000
17779123139.7489166259765625
-31226422434.0678176879882812
1043224280.8975505828857422
-9323974972.7275791168212891
-16149167375.5880374908447266
11316210718.2856941223144531
-4260067720.8991508483886719
-24698809989.1450157165527344
-37347456235.3708496093750000
3912728768.2556924819946289
13348122630.9055328369140625
-17001669420.1760482788085938
757173085.6993284225463867
-22710984198.2094879150390625
-17515896526.5884780883789062
2158017849.1991767883300781
-12426755075.7740421295166016
2602895317.7428951263427734
20911868991.6861114501953125
15934269933.8538665771484375
-8617521393.1410903930664062
-48480461882.8961944580078125
-7988076760.2513771057128906
-26705403246.1193771362304688
-5949410391.4274005889892578
26754328419.1712036132812500
6625971560.9447765350341797
35822765380.9113006591796875
46767040878.1132659912109375
4554987203.0070180892944336
13112279738.0871887207031250
24266268871.1475143432617188
5241483968.8972015380859375
-8050575304.6275119781494141
-17126250829.9079570770263672
-13319968614.2743263244628906
8679568816.3195075988769531
-13452013382.6016273498535156
28499594377.9470252990722656
-13221266616.5786895751953125
3453000957.7169942855834961
-8213043957.0370492935180664
-1317749101.2459707260131836
-20038272308.1957130432128906
13394853395.1435890197753906
2544320220.7373580932617188
-46204204594.5481185913085938
14376419085.8132858276367188
7309249385.4057168960571289
22230849491.8308525085449219
-4073956859.1255531311035156
23764498511.4645614624023438
3622604644.4133739471435547
9293968615.9249057769775391
-7212776923.3850193023681641
9061175185.0783138275146484
34166216212.2252349853515625
-20238601548.8988075256347656
16024908911.8942985534667969
-13159360358.5153312683105469
24338366335.1250343322753906
27218428006.1947784423828125
2100918614.9290390014648438
1224818612.0975127220153809
6874157831.7170028686523438
20846806502.2042617797851562
-18015951558.5267715454101562
-41835522978.4583587646484375
30020427494.7368469238281250
-18130020783.7696266174316406
-20889011838.6066169738769531
14016334883.4843673706054688
30718888907.5730743408203125
-30535357964.4273185729980469
18244078883.5398292541503906
185390945.3134813308715820
-13357143135.0840263366699219
-7789732884.4186964035034180
-13583008954.4779701232910156
-7591534726.9757671356201172
-31619916598.8892059326171875
25056773834.8628616333007812
-15306509214.7254924774169922
40551274792.1066131591796875
-22189725497.3103713989257812
9291117855.6354465484619141
10720961500.0102291107177734
38217707693.3874206542968750
9053648952.2108497619628906
11485788235.8697395324707031
-19328131483.2488441467285156
-8704597058.6193656921386719
22975540204.7753906250000000
46444613683.0077667236328125
-11531001915.1325531005859375
2353162188.7925567626953125
29123951444.8303070068359375
-14938680407.9139957427978516
-7787213973.2895946502685547
-28493819863.9204025268554688
-28946432976.3173217773437500
-33808368895.9215469360351562
-6003247461.3050003051757812
15822137013.1313171386718750
-31638162988.8707046508789062
-22867709776.9179229736328125
18077394237.7897567749023438
-48392859574.6240921020507812
-30368127896.4744491577148438
-6749798573.9473381042480469
-8893910002.7750720977783203
29104627185.4845008850097656
-14881652620.7010765075683594
1259227350.9312272071838379
8255123956.3616809844970703
-14746858090.2299518585205078
-30636182406.6130981445312500
17895304027.4870414733886719
1892705430.7657546997070312
26578241252.1528930664062500
6252101169.4010219573974609
-19000173489.2188796997070312
45570396997.5240402221679688
21345064283.7688941955566406
-4606275048.2021903991699219
-11132009389.6971244812011719
6624036988.0317220687866211
-8221230126.0764808654785156
34395351437.6723022460937500
25499883271.3414840698242188
-2075205244.8861408233642578
-14397987645.1126995086669922
3771832139.7481861114501953
6721589792.0202827453613281
17666179373.4785499572753906
-14898906260.0477828979492188
10472933837.6610260009765625
-13517626326.2879486083984375
14283923050.1505699157714844
23428736515.0834503173828125
20011512464.5609283447265625
27937698999.6487579345703125
-4618233258.5303363800048828
20621106728.3069992065429688
-17565102212.2029953002929688
-588714687.7785358428955078
7783702853.8813190460205078
-7283937007.3680725097656250
26475756915.7854003906250000
21580642578.8933029174804688
-24914067300.8195419311523438
8619041058.8767604827880859
3741932689.7166347503662109
-5278729039.8698482513427734
8126919059.1223278045654297
10247716041.2551231384277344
-6414122703.7462043762207031
-19638150848.0368537902832031
13369569355.0965843200683594
10544899630.2869338989257812
20079408799.0032730102539062
-9399242555.7734336853027344
12892676962.8145332336425781
-2477574519.6875367164611816
6061820863.5420513153076172
-12818723830.8278636932373047
3952856053.3066406250000000
-5349303431.5245056152343750
38659676132.6348266601562500
-2709002251.5517721176147461
15829339511.1334762573242188
-25239885557.6276855468750000
32525088414.3268051147460938
18625196398.8234634399414062
-2473981113.8504581451416016
-37383991093.5349578857421875
2336887282.0296821594238281
-25806557466.1465148925781250
5701588878.7365093231201172
2337866731.5582590103149414
14383209475.4409675598144531
23722795241.7098770141601562
-2009286855.9510097503662109
-14847447370.4228363037109375
-29566447583.6015396118164062
13876815083.5498771667480469
-5448453346.0488824844360352
-16687565025.7014465332031250
11060046574.9792098999023438
-1453270289.5797805786132812
-27808151548.8348922729492188
-3884370200.5326271057128906
-41616858764.1390380859375000
25672427401.2696304321289062
-9990329617.4145908355712891
36299934779.1477355957031250
-6158650355.3337688446044922
10852367110.1164932250976562
-16622903572.1152648925781250
6532969067.9269504547119141
-1188068158.8718986511230469
13800502397.9252395629882812
-6785540584.1177558898925781
37759057374.9716796875000000
2776535918.6081848144531250
9046728254.6356239318847656
-26757920724.6805839538574219
-15782154599.4136085510253906
8373374560.9917707443237305
-7811331966.8343534469604492
-20899645612.2054290771484375
-17199602603.5087432861328125
8147212917.9825496673583984
15179799961.8872890472412109
-13925577804.4188823699951172
36419463194.0649642944335938
26164536306.7872238159179688
-8572419943.1294689178466797
15104818222.3487110137939453
-4896424483.9612445831298828
1467041266.2109127044677734
2020684913.5880012512207031
19746829835.8089332580566406
-18614256601.1507835388183594
32562012069.6900062561035156
895358099.6540670394897461
-4914580580.7375650405883789
-6544219947.3350982666015625
-29685228810.8971252441406250
-3091231741.6167793273925781
27125616045.3403892517089844
-10716879635.5556335449218750
7100319795.2860383987426758
-15454019083.4273452758789062
-22185750954.4331665039062500
-31363123860.6030502319335938
-4622640939.2044391632080078
9946852722.0885410308837891
-12654408422.7512950897216797
997642239.5479717254638672
5755366100.1931343078613281
7733928714.8205013275146484
31347733910.1347122192382812
-14862633721.5468654632568359
-44298844672.7812728881835938
-681423003.7104659080505371
-4337966414.2110519409179688
7413908872.9357032775878906
21282464763.8084449768066406
15119691339.3517818450927734
17226499636.0067596435546875
-10403012493.7157268524169922
-10970692400.7999248504638672
-6092093761.1705951690673828
-7153134585.3641757965087891
17881019053.9493446350097656
12066086875.3654937744140625
-1637100515.9163875579833984
-28072839727.4259948730468750
-27250064952.4522094726562500
2883786365.9841918945312500
4723457079.3931627273559570
20905953583.3170661926269531
-1500032337.9318561553955078
-19331657143.3782653808593750
-7828569143.4724140167236328
-26380856379.1355590820312500
6804348847.8154392242431641
13487908029.6945400238037109
-5468334594.4728622436523438
-25342272125.3554992675781250
31195493471.4125747680664062
3057709012.9734630584716797
-8958000146.2654075622558594
55401154948.0170288085937500
11148035858.9160919189453125
-6888569923.1348495483398438
24296719929.7930755615234375
-33748757765.3320617675781250
15539349473.6198940277099609
12760218557.6067447662353516
-44722919609.1714630126953125
15122127594.3184585571289062
30918077448.7282333374023438
14965795201.5464477539062500
-5312568623.3378582000732422
-4216843904.9843349456787109
13336544203.4566726684570312
8117968638.2971944808959961
10344353785.5987873077392578
15947331185.3193721771240234
23504044778.9708747863769531
-36991923521.1150970458984375
-37148707913.5369873046875000
-6332736392.7741451263427734
-199228205.7795047760009766
-7742552288.3378810882568359
4682131242.5429344177246094
37935843991.0615997314453125
-10885772564.9125099182128906
8247288671.8620948791503906
-24528615216.4723205566406250
10726040966.3866806030273438
27863496151.7371444702148438
-11215216517.7377548217773438
-21575749830.1881294250488281
-18914687059.6033439636230469
12872467829.0164928436279297
-6980715979.4523563385009766
12453700053.2503833770751953
-2996785935.4380149841308594
5068088493.1224861145019531
19126939114.8497962951660156
-39601269842.5258636474609375
2958978603.2007102966308594
-13168894979.3276176452636719
-24453974330.6055107116699219
10745320595.0045776367187500
51641794431.8828735351562500
-28300317345.0317001342773438
-2551971542.8992691040039062
33768704659.1082878112792969
15240845321.5054283142089844
7414678846.9592170715332031
-29066842017.7921867370605469
-2584624599.6366300582885742
-12099929646.5490722656250000
8468890178.7229518890380859
-15590994256.9223804473876953
40368931170.5635070800781250
-7183542452.2592792510986328
2868253147.7886295318603516
-3233654736.7335567474365234
-425125546.6455841064453125
25272883274.9318771362304688
16759354132.9084014892578125
1970758450.1808013916015625
-10868190881.1204261779785156
49819690014.2041320800781250
14784520849.8106269836425781
-2898261658.1844968795776367
8810687123.3041706085205078
-8126651770.2620677947998047
9732161356.3466205596923828
27442877892.5960388183593750
-22081331322.7005157470703125
-28116819979.0022506713867188
-7394214047.6017589569091797
-17543551734.8208847045898438
19025082340.9602012634277344
-28013587375.5251960754394531
13982339445.9379158020019531
33493834386.9514961242675781
5076431428.0424270629882812
11731049099.0709266662597656
10799767930.3157920837402344
-3466682993.3919024467468262
-5558957112.3822584152221680
9354295182.8400344848632812
12930624214.5169410705566406
-11744651897.7368316650390625
-2963279789.0921840667724609
15974307126.6741580963134766
14104756855.0159473419189453
34356269854.8258666992187500
5455327068.2511138916015625
10600648595.0982322692871094
-15861370374.2188739776611328
3687468303.2888622283935547
23336720683.9990119934082031
22175287217.6718254089355469
-25703328210.5732841491699219
-9017196474.5283546447753906
-50936515136.6354675292968750
35936053606.7848205566406250
-13722567478.9057121276855469
15705688011.6107902526855469
2987438894.6847553253173828
10896788355.7179164886474609
-24969794332.7922744750976562
-11951745173.5838470458984375
37593660235.3266601562500000
11975171934.2626705169677734
-14305992568.5516128540039062
9707371690.2289123535156250
717783576.9407539367675781
-8623577046.7421875000000000
9659264014.6591777801513672
33110479954.6752319335937500
-12228317735.2142410278320312
30654886996.8927764892578125
-42521556992.9349288940429688
-1972192266.6846389770507812
33775317625.2413597106933594
-31416058450.4364738464355469
-148807066.5244784355163574
-452705076.0401797294616699
-8359345642.5214195251464844
4888885823.1631412506103516
16311537709.2702846527099609
-20208896732.9411201477050781
16508897722.6782855987548828
-1358963194.1132602691650391
-9613744242.8666801452636719
18464137187.6303977966308594
-14158204969.7803649902343750
-7218425603.7882318496704102
13259562891.3265018463134766
10501252295.2110271453857422
3345707337.6960430145263672
-7451834297.3975505828857422
31829436863.6452178955078125
17373625020.6733093261718750
-17641690392.2509078979492188
-27017421252.0142593383789062
4397064383.7477111816406250
7942625036.4714088439941406
30565865251.3427543640136719
16888689502.7635383605957031
-24486287906.7332038879394531
22959516284.8435020446777344
18084806283.7039718627929688
24787195601.3107376098632812
1400804106.6452960968017578
26294669881.0737991333007812
-11155835514.3345222473144531
-30348471782.4139671325683594
-10918749512.3638916015625000
-27064078776.9265136718750000
41982930100.6932601928710938
27319063706.3506546020507812
5451160001.0209827423095703
-4103087555.6316776275634766
-25351509619.6594390869140625
-2697859300.0120716094970703
-2700046013.8180532455444336
-5195313619.3530149459838867
15639248731.8854598999023438
-20402901974.5522689819335938
-24177589118.5715637207031250
43448382411.2216949462890625
-20283249538.6794586181640625
30005349934.0715637207031250
-16130714914.7880592346191406
372237436.8470745086669922
%%
1094946786744.0000000000000000
19142747324.0000000000000000
-12974236098.0000000000000000
-16258992906.0000000000000000
7331513583.1018400192260742
-2789318977.1018400192260742
16258752320.1430511474609375
53041341745.8569488525390625
5869713218.0556659698486328
227541893.2527236938476562
-17849914730.1716384887695312
2655967678.8632497787475586
19240784430.4411926269531250
17327204664.0205535888671875
-28170914231.2778549194335938
12177581980.8161067962646484
-15729128743.7647762298583984
7730035093.5206356048583984
7822747816.4424028396606445
2894909142.7618627548217773
13529949761.8383483886718750
10018448649.0218582153320312
-5472252889.9175376892089844
9082657474.0972099304199219
-9475244012.2724876403808594
9899119106.3396797180175781
18423444929.9054985046386719
-24071057289.6644020080566406
-16441689074.6170902252197266
-23678883573.2171401977539062
-19967297330.6312561035156250
-6490555907.8428058624267578
11688999328.8813114166259766
25138812972.2425994873046875
-11084579197.1683750152587891
1909442209.7727985382080078
19387723364.1088256835937500
-13734758520.7310581207275391
-6040606854.0844936370849609
29992498329.1873779296875000
6023030696.7739639282226562
-26407722102.6680221557617188
6470586472.0918807983398438
-2163831270.7519764900207520
3767048333.9215602874755859
-35634179324.8734893798828125
-18426297503.4676094055175781
7967179322.7647094726562500
22865727337.3922576904296875
12308563665.2933425903320312
-31279564339.4536705017089844
-2785325276.6336936950683594
94374847.2994527816772461
16458068177.0072860717773438
46532432048.7856597900390625
22687506343.2812309265136719
-11212793175.1767520904541016
-14760051792.0398426055908203
-27733678747.6792869567871094
-4793672547.0419998168945312
662169461.0710830688476562
-10115088111.9857749938964844
-22540803917.3654403686523438
-1585809524.7538661956787109
16509109469.3087711334228516
16006805129.1254978179931641
-4371883164.2895069122314453
-29067967474.6653289794921875
4753038684.4677600860595703
-11180106393.3096885681152344
-12781749675.5286941528320312
505939153.3903760910034180
-14497562823.1207981109619141
-8524520111.8761005401611328
-5621151175.7442531585693359
-12756639820.5491542816162109
-21196855774.1993637084960938
35579421751.3463363647460938
-6061942616.4930591583251953
3510264285.7562694549560547
20755149385.7982368469238281
32582691830.6390419006347656
-466829305.3724822998046875
-29423052771.1829452514648438
-25568097591.0440902709960938
-2749679544.6698017120361328
20743609921.1448211669921875
4906175256.2825927734375000
44664949084.2725677490234375
-3952548171.3069725036621094
15916903510.4912376403808594
10263468005.7857437133789062
6389355812.8337440490722656
33498077242.2750663757324219
-497878025.0614356994628906
-2105055108.5043945312500000
-27269500740.8965950012207031
18313072139.4694633483886719
-17780733320.9504394531250000
26143823034.0619049072265625
26155396301.6819725036621094
-10111610978.7967109680175781
9374437359.4457740783691406
13690942482.1578865051269531
18209958845.1910476684570312
10361539014.7941150665283203
11439378994.9907760620117188
-10310435807.1700401306152344
-10496543518.9559535980224609
-15386930268.7534427642822266
-16218987504.9371318817138672
-4624300570.9189701080322266
35950477895.3042984008789062
19354616605.6981124877929688
-23533766.1048316955566406
-8241968708.9521980285644531
10769445870.4868412017822266
17087739884.9319553375244141
-4761980404.8641729354858398
-5595287264.7673616409301758
-10041828251.6570606231689453
-21951007065.1784744262695312
10927299831.6396903991699219
-38873339386.0183563232421875
7710364214.6222677230834961
1712515589.8895807266235352
2951670308.7023210525512695
4416150529.8537282943725586
17060720456.8223342895507812
-13194270169.8896636962890625
-14804657339.1331901550292969
23655834043.9409523010253906
-7806472488.1992893218994141
-19784069079.9049301147460938
20150426246.0256919860839844
-15412050411.4684181213378906
-18212428231.0645294189453125
12737027239.8402862548828125
-1840587699.2134613990783691
4919131026.4016380310058594
-39702632905.6898040771484375
13944099793.0787754058837891
-11658221463.6152820587158203
2620201130.3909130096435547
-11652275258.2616024017333984
23656123725.1830825805664062
-1635597847.0266246795654297
-7869028611.4560680389404297
20572670832.8502426147460938
1975836465.2065639495849609
-47505748224.2853546142578125
28754636088.5188903808593750
5088917238.3447723388671875
-951828791.9565348625183105
17992816964.8276824951171875
63186474521.5756988525390625
20378214366.9888076782226562
6938387425.0365180969238281
-5820977285.8518800735473633
-12762594690.7982711791992188
49712961607.2656860351562500
-54140918383.4620361328125000
41905251072.8149871826171875
3544704051.8763046264648438
15833770866.9161453247070312
1484080264.7112960815429688
-730171340.8969917297363281
-21645511660.0643272399902344
6086060680.7737789154052734
9829698866.9243259429931641
-8536843507.6577606201171875
32725336029.6264343261718750
-21297557420.6604232788085938
22745065388.8682937622070312
-30637890277.8347930908203125
14375493041.8338165283203125
11207480442.4662437438964844
17191392081.2322578430175781
7417825383.4447154998779297
-7421682164.2011184692382812
33622058894.4235725402832031
9865964857.3217658996582031
15306505749.3375110626220703
-7602476112.4700717926025391
15475792637.0175609588623047
5433041606.0129680633544922
-4779213707.2133312225341797
12918894012.6528682708740234
3632865157.5661311149597168
-6081204411.9678497314453125
-16524584234.2391853332519531
21298425108.3632545471191406
-31398800840.3606948852539062
-13172744940.8121643066406250
-15105638735.5856380462646484
-37575315064.3075714111328125
-16138642782.6391754150390625
-30854172315.2891387939453125
645302052.4198198318481445
13593160372.1624908447265625
-17715333468.6794204711914062
-30078626206.5322189331054688
42705287552.6620330810546875
-20652993987.4719848632812500
24974846731.7310180664062500
-9877013845.5838642120361328
28888224951.5830612182617188
19897971150.9445114135742188
23097447786.1272888183593750
30325732871.4449081420898438
-33095018027.5631027221679688
28271167762.4178466796875000
-2501749964.3809938430786133
-16073719733.2612113952636719
-16657775273.1000804901123047
3991092535.6880512237548828
18904749552.1945381164550781
473579840.6651039123535156
4998430956.4408855438232422
-1503406092.4946861267089844
-31524341979.1471366882324219
-17184348425.8345909118652344
20322978564.0858039855957031
18051636675.8349647521972656
23857032619.2720413208007812
25576369625.5776901245117188
13319121918.0394725799560547
-16130162724.7199573516845703
-2521920054.8535003662109375
-6273410379.2335624694824219
2502631293.9394674301147461
1520591791.3629951477050781
-12550715462.9096450805664062
18670276682.5895385742187500
-23814719835.9744415283203125
18141372007.6735305786132812
-18063032062.6521530151367188
-5826231343.1757793426513672
53825100146.5553970336914062
39088694291.8161544799804688
-8676374232.5314712524414062
-8491857949.3537101745605469
-18920307643.0830993652343750
41793463507.4682464599609375
-23757052864.1787834167480469
-9479181491.6303100585937500
12915901636.3635883331298828
-7735214981.2569561004638672
-30210714250.0818023681640625
3358403477.8804244995117188
-1800528378.6128892898559570
-17129551376.5135078430175781
-15123377223.3070449829101562
1371723976.0745878219604492
-5375038523.4728965759277344
18942495201.5697364807128906
-16078110524.8280448913574219
-13743616637.9168128967285156
15136704918.2513694763183594
-13745875551.5284080505371094
8946632623.7269477844238281
-26115741232.4192008972167969
1153244715.7499370574951172
16741736614.8931903839111328
6227392873.7294273376464844
-43237846381.3767089843750000
-14266564239.4541625976562500
-37965414842.2815551757812500
37476604249.5300140380859375
1393142292.8579368591308594
19847890459.0921859741210938
28121381370.9647140502929688
1398351549.3518733978271484
-25790159454.3355026245117188
14086199583.8081684112548828
4073415066.2193698883056641
5100639837.2721614837646484
-24028985343.1433944702148438
12470733241.9839687347412109
4151862504.2781548500061035
-12270526926.7786979675292969
13969044019.0739784240722656
-16614675747.5182609558105469
-2200273451.2068891525268555
-45024701062.3470611572265625
24765569048.8849678039550781
5393831390.7918853759765625
-43403569114.7022781372070312
-14602272749.0212211608886719
10076439111.1585121154785156
1178827747.5249795913696289
11613702084.5137863159179688
160362011.1458396911621094
35415590139.9900665283203125
4039760954.5222263336181641
-25997745246.6671066284179688
-3482336580.4575662612915039
7873047359.6533727645874023
-13452849681.4665908813476562
5667144811.6300706863403320
-20643528698.8326721191406250
-5181155551.7709980010986328
11417438916.3736763000488281
20173972494.5888404846191406
-16327718587.6918315887451172
25157234004.9145507812500000
30436794705.5904998779296875
-2539919829.7307605743408203
1682973025.9716224670410156
5060863896.7551059722900391
7134448216.9850873947143555
-22087290089.0137214660644531
-27100373125.2727165222167969
24104811978.5088005065917969
-2171244834.5139636993408203
-18420526384.2010879516601562
16068262401.5190010070800781
-11781694264.6998367309570312
2439412246.6870689392089844
23213281600.0844459533691406
-2314065725.0787849426269531
26739869255.3180046081542969
-3944627328.2100114822387695
-5305806278.9677667617797852
-29861867907.2644424438476562
-14063022429.9783935546875000
-12016878123.8253307342529297
5274533496.2080898284912109
-36467896397.8798294067382812
-27964890194.6055221557617188
-40772067087.8400192260742188
-30127667280.5168685913085938
-29274343865.0186386108398438
-8124069939.1588497161865234
27434083233.8067283630371094
60556438719.6127471923828125
24384587314.4408988952636719
17957431658.2112770080566406
13350884433.4723777770996094
-19757759534.3140678405761719
-6652009535.6545028686523438
-12651443790.2683792114257812
29269055475.1730499267578125
-11844427073.7380523681640625
-29945355648.6288146972656250
9957304300.9039154052734375
20315801039.1725578308105469
-15706052089.4883079528808594
-9781331307.1033420562744141
-10010226527.9962215423583984
-57159927614.5451354980468750
-2158497338.5341606140136719
-26155979542.5223388671875000
-6419415679.7082767486572266
-20521764425.5037155151367188
23643639006.2112808227539062
8618990283.6317996978759766
-32723649882.4829940795898438
-11456808376.5627803802490234
21804652106.4938125610351562
12589922766.4989032745361328
12189138589.7754344940185547
-4323785892.0540161132812500
53670890595.9765472412109375
39519467627.3438568115234375
-3635613350.7578392028808594
-23967007780.5278587341308594
-34020205232.6110191345214844
7105412600.7069606781005859
-24214688233.4423370361328125
16360231665.2330360412597656
22187029903.7817955017089844
3288750148.7014732360839844
-19365462783.6669197082519531
-23467635504.7558364868164062
-24024416392.8687667846679688
6773519603.7308473587036133
-6643404104.7241506576538086
24062650093.3646011352539062
2615706045.6745452880859375
-37641938286.9408264160156250
8136106007.6928596496582031
-37560456559.2136077880859375
-43418743403.5794372558593750
30888612531.4504356384277344
9499119648.5453605651855469
4516566501.2915267944335938
2715750136.0165100097656250
-5946186047.6701202392578125
15764132509.3561553955078125
21190163445.5969352722167969
-27418197854.4622306823730469
972759739.4431900978088379
-1482359562.9168610572814941
-19528748606.8057556152343750
-15026250705.8154239654541016
18431117750.5327262878417969
-9209026841.4947013854980469
-9364234581.7988586425781250
-21313437422.4618988037109375
-12975072371.8093299865722656
-25171579069.3937187194824219
-8572285329.4658432006835938
9649095754.3715438842773438
16456563475.4251937866210938
12325482884.3905029296875000
-6455910554.5386562347412109
-29143866221.7342758178710938
3653058266.7337665557861328
-25885577825.9035415649414062
-6786872710.7607126235961914
-19087569808.8565902709960938
-485514966.8543634414672852
-7595571022.0212545394897461
-11151196344.3233013153076172
-10185786407.9272365570068359
20944995773.4098091125488281
-31306528205.9648551940917969
-22568568602.7611465454101562
-11372045037.1143951416015625
-12729888541.6889820098876953
-20882937980.3235092163085938
-5220285559.8893470764160156
8265827191.3129730224609375
-21856814300.3749198913574219
-35671157994.0973968505859375
11881925075.5771827697753906
-12353033640.8753204345703125
-5873138990.7310047149658203
-21513984923.2195892333984375
1390079344.3646249771118164
18074800495.0775070190429688
4427894173.1148586273193359
-12476361591.1560993194580078
15117437187.4896526336669922
-27664855458.3827819824218750
-22863590152.0737800598144531
-1392490519.4825477600097656
5516326748.5934677124023438
-11478242357.7808628082275391
13234312325.9139957427978516
32177723830.0149993896484375
-25355602901.7096862792968750
17956405036.5985641479492188
-1033827009.0656127929687500
-29225087351.9158325195312500
25691241505.5529060363769531
1753980887.9478187561035156
-17867354864.5261802673339844
-21522961411.2946815490722656
-22357205757.1659317016601562
-25097934980.4955520629882812
21384750274.5171852111816406
-14208840148.3852806091308594
-6825747528.4163503646850586
-1712364543.6356420516967773
-8611975360.6884155273437500
-16808144037.5280418395996094
46924688937.6641540527343750
2505359735.8065185546875000
17139567732.6985931396484375
21998923788.7387695312500000
-27416293004.6971588134765625
-493415134.8784732818603516
14848988744.0762310028076172
17427643858.9440650939941406
-4191723654.8053884506225586
5488178250.3896551132202148
-25638734970.3995437622070312
40039618654.7342224121093750
4896746210.2535896301269531
-3589550012.5218701362609863
32198235188.9499664306640625
3285885769.4989395141601562
-30206000071.8855552673339844
-31294654805.5979423522949219
40439538169.8533554077148438
31640604490.0310134887695312
-5309022597.4530773162841797
-30987057214.2495956420898438
28686759666.0596923828125000
-3324594690.6918125152587891
-15739537529.0408153533935547
-4188309974.1481418609619141
4994966542.9776859283447266
-13271637460.5195331573486328
-22505739402.9078330993652344
3817439418.7851524353027344
-19733588828.8970108032226562
37555253748.5057144165039062
-10349043045.9035491943359375
5680333959.5323009490966797
-704211710.9343891143798828
-23326215728.3015213012695312
2577356446.6423740386962891
-20022804034.7899780273437500
9602389717.7518844604492188
-6726733129.1400194168090820
7362941535.9813795089721680
-2672300110.3338232040405273
-11808684474.0011043548583984
13465090956.0827693939208984
-16673304503.1277961730957031
-18200717576.1905708312988281
26386689257.5500869750976562
-14320810769.1895751953125000
62163575909.1664962768554688
22854661223.9491348266601562
-3277756272.1542339324951172
6668378519.5472621917724609
-29108858702.7001152038574219
15559281498.4084358215332031
5531084214.4153118133544922
2388781924.3667988777160645
11357314692.6753692626953125
7449003645.9148111343383789
19863261546.1766433715820312
-55919660040.2526473999023438
5601900003.0259571075439453
-1923595483.7396984100341797
48825942754.8017578125000000
14256036686.4652557373046875
32910175832.4297943115234375
944888070.9476013183593750
13983571557.9556694030761719
-13137744903.5801658630371094
20931923461.9552001953125000
35572518413.5371551513671875
-13816010731.4080352783203125
-19763371280.5730476379394531
-28531172273.9105339050292969
2504654875.7573623657226562
1640263207.4813871383666992
12906607499.4832801818847656
-5509803062.4414968490600586
-9786079932.8832626342773438
-178261634.9499950408935547
16847862666.7061882019042969
-7182914562.9274473190307617
-6442305825.7061719894409180
-11592828817.5594520568847656
-7185475501.1597242355346680
-37604734210.3672180175781250
20072604860.0487022399902344
-25596868626.9518356323242188
-4884784836.0321216583251953
20316488013.6096305847167969
1280335372.7206230163574219
-38920782020.6069946289062500
-11677111976.7415504455566406
26984066863.3698501586914062
-2104693774.8271579742431641
-7035859609.9000730514526367
139903187.4025068283081055
17450152637.1658935546875000
95920025.6255645751953125
11119514940.4207820892333984
35063009929.5151748657226562
19437420785.5478477478027344
-41756765661.0927581787109375
-26385974136.8638610839843750
3660144527.7508926391601562
13771966894.7645511627197266
-1495659008.9878330230712891
-9313880480.3000736236572266
-12140557332.9820652008056641
13249217520.9705295562744141
-25051465460.8746185302734375
1375141667.4458036422729492
15312740646.6879310607910156
27599153026.1427841186523438
-3903711157.7467670440673828
3184535256.5105886459350586
-7437823482.3296709060668945
22538748712.5556488037109375
-39049152653.5562057495117188
-18235306835.4834213256835938
15011920741.9516620635986328
-10407626541.3810348510742188
-11316084536.5291023254394531
-16856093894.2939338684082031
-7376193223.0345306396484375
-12737296910.4397888183593750
-17902272925.3926811218261719
1975865165.4591646194458008
-5482506746.2907800674438477
37710474611.1396408081054688
33386624546.3078231811523438
-23132162697.1525192260742188
-17376604594.1797866821289062
-17467475014.0384521484375000
12242365548.8255443572998047
-3200994154.5545892715454102
-18436227137.3144569396972656
-23123184526.2548751831054688
22440592278.7767562866210938
-5145036042.7340316772460938
-27972485606.8446578979492188
-40344109954.1685485839843750
9358986396.2202262878417969
14111460206.2697677612304688
-17963261209.5962715148925781
16616179323.8980598449707031
15261158277.4102706909179688
28281426650.2234230041503906
-367337756.7129173278808594
2662356710.3013601303100586
-3473172069.5765008926391602
-13276683584.0762062072753906
-29013012693.7442054748535156
5822383751.5881423950195312
37121192995.9258270263671875
-3954237696.7155370712280273
-19076510917.5359764099121094
-5125168368.1227741241455078
31230941630.1647796630859375
-38944659494.5964050292968750
-24890801882.3613853454589844
-15877279996.7801227569580078
24172258361.9370040893554688
9735085086.3970909118652344
18407045761.5123519897460938
-14500562952.8270454406738281
-33427870903.7277030944824219
15680194177.8018245697021484
-24861332484.6468124389648438
-26354090881.2226104736328125
7841847280.3994426727294922
-25259806801.5719375610351562
-10708660400.6960964202880859
-5292366728.6050968170166016
10532602541.9167003631591797
44460365565.5886230468750000
-6577638451.9545745849609375
-19818905229.5961532592773438
34226975733.6458816528320312
21237172040.4593811035156250
9845179398.8673305511474609
12585422725.7540035247802734
11371998183.8379001617431641
-7166288242.4378013610839844
-27044156350.3170890808105469
31192176488.9171409606933594
26778455137.8267478942871094
7461820041.3598537445068359
-3920827839.7274761199951172
-39224762547.2778625488281250
2350821013.9793357849121094
16948359830.9750747680664062
-38292548100.9067382812500000
-35362790860.8733825683593750
2024569445.0290451049804688
13550703960.0730247497558594
24881453633.1185035705566406
980374233.8005943298339844
-28566778014.8972358703613281
2652381584.7718124389648438
17312883361.2573280334472656
11906375786.1073799133300781
-11243956254.4866371154785156
12192336543.8617095947265625
27941678209.6426773071289062
-23906223194.7114639282226562
18667974386.6756134033203125
1925540345.5900783538818359
-29814295972.2569427490234375
39632739646.2227935791015625
-23941175803.0279541015625000
23310387579.9950637817382812
-9707097345.3620281219482422
-24323642033.6236495971679688
10919949173.9602966308593750
8074769255.3067579269409180
-17685626165.8209877014160156
12542238761.1151275634765625
-1659051014.2932558059692383
30907213773.9655303955078125
-4372937374.1464843750000000
16487067424.0151939392089844
-17350548566.4486465454101562
-2602989151.9730739593505859
-381252710.6867046356201172
-27465264707.8681373596191406
-29591600006.6093711853027344
24219380330.9927597045898438
13487926597.0160827636718750
-15850536327.1480026245117188
3095512224.3481979370117188
5475534323.2460136413574219
-50675451033.9591674804687500
-6543091977.0503749847412109
-7404343809.6905841827392578
-15594709560.6904449462890625
1589006761.7799949645996094
11555700613.4229698181152344
6590069664.3727188110351562
20404762357.1506996154785156
-30699947118.8275947570800781
3570049481.8944420814514160
-10048293293.8343601226806641
18019240660.5933456420898438
10171378614.4134540557861328
-11461446693.3078613281250000
-549603443.3797645568847656
21474481450.0255813598632812
17765484531.4836196899414062
25732238002.7668457031250000
11712471955.5921459197998047
15312399401.9132461547851562
6989291494.8619575500488281
1424157649.8569774627685547
-23609597938.0392532348632812
-30402043453.4449119567871094
-31542281344.8647804260253906
60741261113.5641098022460938
5762748080.6509475708007812
12202294339.3744163513183594
29307635282.0859184265136719
-1564856344.8147411346435547
23140917470.2927627563476562
-18334217988.2026214599609375
26032539073.4158172607421875
-765510221.2926673889160156
-22812774611.0399208068847656
-19809300605.4744567871093750
11255838191.3177490234375000
-21206408220.7254562377929688
18286621251.1682052612304688
11451370990.6953601837158203
-4022870031.1080989837646484
-16262862947.3952503204345703
-21547400863.2596740722656250
-20580041585.0363922119140625
20590343234.0584106445312500
-18205284505.3039474487304688
19170910842.2313766479492188
-12796886673.6055049896240234
13035519729.6195545196533203
4717916189.7986660003662109
-28456766759.4292755126953125
-34993666000.6358489990234375
-23884829667.3271789550781250
2365437205.4616680145263672
26956702879.2870712280273438
6681678175.7939338684082031
-41140309717.2127075195312500
13071910016.5807228088378906
-21389002415.7175102233886719
58288401921.1859436035156250
-13307807797.1858978271484375
2856899648.1084222793579102
-4832238858.3211145401000977
-7062209529.0486946105957031
16195358051.3457107543945312
-14448468145.6337280273437500
15140092020.6926841735839844
-9737957234.5661697387695312
-1007643894.4997653961181641
5921423358.8930320739746094
-4099900721.9682331085205078
-10410413602.0850925445556641
-5099904301.4582443237304688
-14872840935.9116859436035156
21673705914.0564842224121094
-6231504081.6370525360107422
-9640461689.1743812561035156
-2927627010.4812254905700684
-8029809110.3589324951171875
-24090293482.4244918823242188
-3196476510.4623889923095703
16745271598.7470226287841797
-22661080465.4738082885742188
14982115056.9294204711914062
-35028499563.1846389770507812
-57310591304.5244750976562500
-48502219326.8443298339843750
-10248994611.5645256042480469
-12191730712.1809883117675781
14030448058.5705184936523438
-4193854603.6572732925415039
21007359301.1591262817382812
200969913.2213802337646484
11746675542.4198646545410156
4195347649.9637632369995117
10451950077.2359924316406250
110210562.9135046005249023
-14396203557.3642158508300781
8740311092.5343170166015625
-1284582108.2313842773437500
-9914382323.6686477661132812
6902559565.9648885726928711
-1749559411.1297788619995117
21335439008.4935646057128906
-3227351034.7402534484863281
-487083620.3022871017456055
-15098079524.6735458374023438
-42907370579.7397918701171875
24907644697.8171119689941406
10930507917.6032104492187500
52415899074.2907562255859375
4467595197.9556484222412109
-7274146656.6961421966552734
15231236643.5780410766601562
2096357923.4440498352050781
-34745331739.1786499023437500
-6808192125.9016494750976562
12615653524.3648223876953125
-32285024700.7246017456054688
-8164357543.7051773071289062
9503657099.3608207702636719
640787196.8058266639709473
1414260900.3066964149475098
15510902213.0927639007568359
-2742728007.4027004241943359
-4811716863.5371274948120117
-16075025826.6569061279296875
5027301253.4486036300659180
14121406651.2937431335449219
-5145793091.0147018432617188
7703838618.6232070922851562
20889642820.2770690917968750
7161528120.1992244720458984
16110431879.3164043426513672
863195806.3236103057861328
-454969193.3087196350097656
-35554121118.3325347900390625
-2208526669.3296065330505371
5719280994.2081241607666016
-12805772286.0506629943847656
2440952508.6820831298828125
18957838898.9446563720703125
6189693902.5700569152832031
15115466051.5715408325195312
35562427612.8519973754882812
1285363178.6168627738952637
-4843832987.9240837097167969
-575343361.2220335006713867
14212786738.6526374816894531
32841540137.8566513061523438
2514893568.7029628753662109
-10092541531.1057014465332031
14705098121.4100875854492188
20739354237.0904998779296875
-17796460819.0839843750000000
-4572858194.3845100402832031
-3928589421.5300507545471191
10511731959.2766723632812500
-27207798112.8690338134765625
42721821134.7797622680664062
11717718849.6941356658935547
19726630943.7072525024414062
-6060359632.5920410156250000
-17789594587.5916938781738281
2668893682.6214570999145508
-32544293652.0415115356445312
1544099146.3444690704345703
-9485730530.2629985809326172
-15503119552.0293064117431641
-19139151080.7968978881835938
1600392608.5415573120117188
-33311807261.4489669799804688
21891387996.2856750488281250
-14756921633.2524280548095703
5163255582.6730403900146484
18510324766.3636894226074219
4645247273.1370496749877930
1788220354.9817647933959961
-3997449168.8690576553344727
-16426993082.0577049255371094
-6707874113.7631797790527344
14376404274.7200393676757812
23099500917.5084686279296875
11623945477.4955692291259766
-24977347110.7339859008789062
33908685099.2629776000976562
-9939292247.1717014312744141
-1952582298.3256912231445312
17755972465.9196090698242188
-3751033619.2848205566406250
-87224283999.8210906982421875
5718330981.6824359893798828
28719949707.7065277099609375
-21952348436.3134460449218750
23444056927.1767196655273438
-23980162366.2938957214355469
-9218841053.7096595764160156
-8273322846.8166809082031250
16808410413.7593917846679688
41800734152.8078079223632812
-8878873679.5333251953125000
29710244779.0847206115722656
-10257815051.1657142639160156
16431720877.3761978149414062
3134479987.7889966964721680
-2247798343.6840972900390625
-19188368666.0846366882324219
18757353072.4151802062988281
-33281170933.7705345153808594
27034401851.0534210205078125
-21619716969.7389678955078125
17268753237.0110130310058594
33912391476.0539588928222656
15730492895.7158279418945312
17414108690.4549827575683594
-16733260694.2984027862548828
-8874605675.6093997955322266
8608370760.5350685119628906
1041197881.3023767471313477
-20028490855.7133445739746094
25766077020.6348304748535156
21055048735.3470726013183594
11442074112.5086326599121094
10582630740.3231353759765625
3526658864.9731597900390625
-37017836783.5046157836914062
32891645352.2274093627929688
17018879528.0546340942382812
10176442961.6539001464843750
-7364628919.3248090744018555
10506583031.8932533264160156
6446360598.8039617538452148
4908956129.1861219406127930
21148842920.0485572814941406
15974309792.3178367614746094
-16698394262.1544647216796875
1836684743.0825080871582031
46346283264.7189178466796875
1340238022.4233551025390625
-6322645655.1609163284301758
-10937209137.0014152526855469
-14509638862.6958999633789062
16564968138.9055557250976562
-19357282988.0473442077636719
642419394.5485191345214844
6604679677.4663705825805664
-13227786763.0631332397460938
-2021986320.5047779083251953
26024414770.1646575927734375
1719421535.7989110946655273
3954035391.1102075576782227
12671483279.8386344909667969
-48651050045.8582458496093750
25372423167.0998954772949219
23522939520.9951744079589844
20208967240.7822570800781250
-28052640683.7918090820312500
-1375890960.9659147262573242
7285830907.4409112930297852
-26223394498.5793609619140625
24475234365.1610183715820312
-43637079616.7743377685546875
-7618581786.3926658630371094
-7652435784.8031349182128906
33610235530.5716285705566406
-9660315691.4856758117675781
13033734934.0918655395507812
9198681198.4966163635253906
35432460354.9837341308593750
12420293325.1174812316894531
7407233561.6259078979492188
-2520074238.0624723434448242
-6385046752.8750047683715820
-18662153391.2758483886718750
7507159395.5211048126220703
-11476052069.2398548126220703
2418437677.8224124908447266
32070633421.3512344360351562
12260404105.1223773956298828
-15702084666.3915748596191406
4828649543.5887756347656250
9753524244.4545402526855469
-20437727098.1246719360351562
-33901237993.2632904052734375
16361923898.0112323760986328
-34452192770.2040710449218750
-5831599617.1178398132324219
-830252907.0681495666503906
20993276659.8426094055175781
11164206219.3812751770019531
11594815894.2521934509277344
9608442370.7730712890625000
1752335478.3780145645141602
-13519847661.9627933502197266
-5001900921.9421520233154297
-36897354853.4565429687500000
-4561106204.6111507415771484
-3771055492.5991506576538086
-16382849272.2313308715820312
-39855770490.0740814208984375
39822543420.5809631347656250
13782448445.1677322387695312
-21657420015.4022903442382812
6926868472.9258556365966797
29385813021.1770782470703125
21851078011.6380233764648438
13170568444.7448959350585938
-4766108310.3699741363525391
891345829.3823947906494141
12309676106.9722976684570312
-30226116637.7875442504882812
3001779289.8319463729858398
-2946210214.1748685836791992
11991596148.8479442596435547
42920680385.7689971923828125
10714363229.4153709411621094
25973579535.7278938293457031
9790286583.7397422790527344
1994858063.9143943786621094
667516743.1141624450683594
-1871428449.0675926208496094
-34009310044.8578872680664062
12335013017.8752231597900391
12692533580.3336181640625000
-23254002155.1239318847656250
-17921540852.8752517700195312
22036989501.6157760620117188
-36872337054.2158126831054688
-12954978171.4796161651611328
-35151663079.6841888427734375
-17002123390.6562557220458984
11279973659.2473793029785156
6902415097.1476182937622070
-30375033280.1819267272949219
42350037780.6705017089843750
