%%
1804289383.0000000000000000
1681692777.0000000000000000
1957747793.0000000000000000
719885386.0000000000000000
596516649.0000000000000000
1025202362.0000000000000000
783368690.0000000000000000
2044897763.0000000000000000
1365180540.0000000000000000
304089172.0000000000000000
35005211.0000000000000000
294702567.0000000000000000
336465782.0000000000000000
278722862.0000000000000000
2145174067.0000000000000000
1101513929.0000000000000000
1315634022.0000000000000000
1369133069.0000000000000000
1059961393.0000000000000000
628175011.0000000000000000
1131176229.0000000000000000
859484421.0000000000000000
608413784.0000000000000000
1734575198.0000000000000000
149798315.0000000000000000
1129566413.0000000000000000
412776091.0000000000000000
1911759956.0000000000000000
137806862.0000000000000000
982906996.0000000000000000
511702305.0000000000000000
1937477084.0000000000000000
572660336.0000000000000000
805750846.0000000000000000
1100661313.0000000000000000
1141616124.0000000000000000
939819582.0000000000000000
1998898814.0000000000000000
610515434.0000000000000000
1374344043.0000000000000000
1477171087.0000000000000000
945117276.0000000000000000
1780695788.0000000000000000
491705403.0000000000000000
752392754.0000000000000000
2053999932.0000000000000000
1411549676.0000000000000000
943947739.0000000000000000
855636226.0000000000000000
1469348094.0000000000000000
1036140795.0000000000000000
2040651434.0000000000000000
317097467.0000000000000000
1376710097.0000000000000000
1330573317.0000000000000000
1687926652.0000000000000000
959997301.0000000000000000
402724286.0000000000000000
1194953865.0000000000000000
364228444.0000000000000000
221558440.0000000000000000
1063958031.0000000000000000
2114738097.0000000000000000
1469834481.0000000000000000
1610120709.0000000000000000
631704567.0000000000000000
1255179497.0000000000000000
327254586.0000000000000000
269455306.0000000000000000
352406219.0000000000000000
160051528.0000000000000000
112805732.0000000000000000
378409503.0000000000000000
1713258270.0000000000000000
1409959708.0000000000000000
1373226340.0000000000000000
200747796.0000000000000000
1117142618.0000000000000000
150122846.0000000000000000
990892921.0000000000000000
1231192379.0000000000000000
111537764.0000000000000000
2147469841.0000000000000000
1911165193.0000000000000000
2142757034.0000000000000000
1869470124.0000000000000000
8936987.0000000000000000
1275373743.0000000000000000
350322227.0000000000000000
1960709859.0000000000000000
771151432.0000000000000000
1244316437.0000000000000000
1476153275.0000000000000000
1139901474.0000000000000000
653468858.0000000000000000
1239036029.0000000000000000
1605908235.0000000000000000
76065818.0000000000000000
1789366143.0000000000000000
1875335928.0000000000000000
2103318776.0000000000000000
1939964443.0000000000000000
1432114613.0000000000000000
352118606.0000000000000000
1909002904.0000000000000000
1395235128.0000000000000000
1351797369.0000000000000000
1504569917.0000000000000000
706043324.0000000000000000
159259470.0000000000000000
480298490.0000000000000000
1096689772.0000000000000000
601385644.0000000000000000
1544617505.0000000000000000
1012502954.0000000000000000
2027907669.0000000000000000
722308542.0000000000000000
933110197.0000000000000000
740759355.0000000000000000
1789376348.0000000000000000
1450573622.0000000000000000
1034949299.0000000000000000
1529195746.0000000000000000
1335354340.0000000000000000
889023311.0000000000000000
1447267605.0000000000000000
745425661.0000000000000000
1308044878.0000000000000000
1569229320.0000000000000000
1590079444.0000000000000000
1977648522.0000000000000000
1402586708.0000000000000000
1143408282.0000000000000000
559412924.0000000000000000
1473442062.0000000000000000
238962600.0000000000000000
1238433452.0000000000000000
1431419379.0000000000000000
1665947468.0000000000000000
707900973.0000000000000000
2113903881.0000000000000000
1776808933.0000000000000000
404158660.0000000000000000
2058657199.0000000000000000
1642548899.0000000000000000
260152959.0000000000000000
824272813.0000000000000000
2025187190.0000000000000000
1850952926.0000000000000000
1704365084.0000000000000000
638422090.0000000000000000
1953443376.0000000000000000
1069755936.0000000000000000
349517445.0000000000000000
1856669179.0000000000000000
995706887.0000000000000000
1065103348.0000000000000000
387451659.0000000000000000
1562402336.0000000000000000
1295166342.0000000000000000
1799878206.0000000000000000
382697713.0000000000000000
1070575321.0000000000000000
296864819.0000000000000000
697517721.0000000000000000
1950955939.0000000000000000
1797073940.0000000000000000
1065311705.0000000000000000
846811127.0000000000000000
1307565984.0000000000000000
324763920.0000000000000000
231602422.0000000000000000
780821396.0000000000000000
711645630.0000000000000000
917679292.0000000000000000
1253207672.0000000000000000
1414647625.0000000000000000
1046741222.0000000000000000
1896306640.0000000000000000
1111783898.0000000000000000
1197352298.0000000000000000
1782280524.0000000000000000
524688209.0000000000000000
1566288819.0000000000000000
2114937732.0000000000000000
1927495994.0000000000000000
882160379.0000000000000000
1682085273.0000000000000000
630668850.0000000000000000
1858721860.0000000000000000
105575579.0000000000000000
2118421993.0000000000000000
452867621.0000000000000000
1857962504.0000000000000000
213801961.0000000000000000
648031326.0000000000000000
1737518944.0000000000000000
110613202.0000000000000000
982936784.0000000000000000
1486222842.0000000000000000
255789528.0000000000000000
1242608872.0000000000000000
1277849958.0000000000000000
653448036.0000000000000000
1023457753.0000000000000000
1309383303.0000000000000000
1329132133.0000000000000000
501772890.0000000000000000
150517567.0000000000000000
1983690368.0000000000000000
1034514500.0000000000000000
1775473788.0000000000000000
767066249.0000000000000000
739273303.0000000000000000
1415505363.0000000000000000
552910253.0000000000000000
1344247686.0000000000000000
661761152.0000000000000000
425245975.0000000000000000
235649157.0000000000000000
1679895436.0000000000000000
430253414.0000000000000000
677870460.0000000000000000
496060028.0000000000000000
1144278050.0000000000000000
1192707556.0000000000000000
816504794.0000000000000000
655858699.0000000000000000
559301039.0000000000000000
1186090428.0000000000000000
1473144500.0000000000000000
1498617647.0000000000000000
1387036159.0000000000000000
1144522535.0000000000000000
1328104339.0000000000000000
1113502215.0000000000000000
777720504.0000000000000000
1722060049.0000000000000000
328298285.0000000000000000
136495343.0000000000000000
402903177.0000000000000000
1503885238.0000000000000000
2416949.0000000000000000
655495367.0000000000000000
1407392292.0000000000000000
389040743.0000000000000000
1433102829.0000000000000000
1402961682.0000000000000000
1900553541.0000000000000000
337453826.0000000000000000
1780172261.0000000000000000
1941690360.0000000000000000
847228023.0000000000000000
1866000081.0000000000000000
1586903190.0000000000000000
500618996.0000000000000000
1184214677.0000000000000000
1061730690.0000000000000000
2016764524.0000000000000000
1748349614.0000000000000000
1411328205.0000000000000000
2009726312.0000000000000000
1877565100.0000000000000000
1369602726.0000000000000000
1665204916.0000000000000000
564325578.0000000000000000
1010528946.0000000000000000
1708302647.0000000000000000
1874799051.0000000000000000
885799631.0000000000000000
1281830857.0000000000000000
1156541312.0000000000000000
1243439214.0000000000000000
1505193512.0000000000000000
1788014412.0000000000000000
241909610.0000000000000000
1095966189.0000000000000000
1748806355.0000000000000000
1369356620.0000000000000000
309198987.0000000000000000
530498338.0000000000000000
37487770.0000000000000000
1232056856.0000000000000000
1251300606.0000000000000000
1025125849.0000000000000000
126107205.0000000000000000
1376035217.0000000000000000
478034945.0000000000000000
1353436873.0000000000000000
1584710873.0000000000000000
941804289.0000000000000000
2045826607.0000000000000000
1930772757.0000000000000000
716334471.0000000000000000
470591100.0000000000000000
2039723618.0000000000000000
1899058025.0000000000000000
394633074.0000000000000000
1675518157.0000000000000000
1943003493.0000000000000000
1635550270.0000000000000000
712633417.0000000000000000
1204275569.0000000000000000
1336092622.0000000000000000
1026413173.0000000000000000
1404196431.0000000000000000
452456682.0000000000000000
1858504292.0000000000000000
802205057.0000000000000000
1388391521.0000000000000000
1452888574.0000000000000000
126401947.0000000000000000
1210359231.0000000000000000
40610537.0000000000000000
19485054.0000000000000000
1291554098.0000000000000000
1905241081.0000000000000000
371653516.0000000000000000
1047372231.0000000000000000
1372261796.0000000000000000
333582338.0000000000000000
1894519218.0000000000000000
1931513970.0000000000000000
1021784812.0000000000000000
2032894977.0000000000000000
1859031536.0000000000000000
1543324176.0000000000000000
395279207.0000000000000000
358984857.0000000000000000
1344593499.0000000000000000
272020127.0000000000000000
2033505236.0000000000000000
345367818.0000000000000000
991810563.0000000000000000
1965421244.0000000000000000
1319041805.0000000000000000
845563291.0000000000000000
937558955.0000000000000000
524133589.0000000000000000
1215828993.0000000000000000
74552805.0000000000000000
1747844822.0000000000000000
765326717.0000000000000000
76593093.0000000000000000
431530126.0000000000000000
1502781486.0000000000000000
1909850543.0000000000000000
733327814.0000000000000000
1646478179.0000000000000000
1500474762.0000000000000000
1941727088.0000000000000000
1615935710.0000000000000000
1738110294.0000000000000000
1269400346.0000000000000000
217871137.0000000000000000
524305153.0000000000000000
1265122573.0000000000000000
1910300925.0000000000000000
120306710.0000000000000000
1007277217.0000000000000000
1260596963.0000000000000000
1255387090.0000000000000000
1751378130.0000000000000000
1130698571.0000000000000000
1566369633.0000000000000000
567304789.0000000000000000
1155722604.0000000000000000
2000419805.0000000000000000
441767868.0000000000000000
861109485.0000000000000000
1460082195.0000000000000000
952062949.0000000000000000
1510080967.0000000000000000
460686763.0000000000000000
554290596.0000000000000000
34740865.0000000000000000
1830539036.0000000000000000
690367770.0000000000000000
1131359211.0000000000000000
537322532.0000000000000000
157272379.0000000000000000
1910858270.0000000000000000
1140384172.0000000000000000
2059344234.0000000000000000
738647283.0000000000000000
94307398.0000000000000000
10901063.0000000000000000
628966950.0000000000000000
1761250573.0000000000000000
1003886059.0000000000000000
410134047.0000000000000000
1982945082.0000000000000000
181271232.0000000000000000
1527622954.0000000000000000
199411898.0000000000000000
1862875640.0000000000000000
1022089159.0000000000000000
1669679262.0000000000000000
1242561041.0000000000000000
1597141723.0000000000000000
207026272.0000000000000000
2032454154.0000000000000000
590335821.0000000000000000
1738909365.0000000000000000
1603591171.0000000000000000
372160269.0000000000000000
1633938701.0000000000000000
2106914653.0000000000000000
733450907.0000000000000000
980356728.0000000000000000
1404515797.0000000000000000
1289547084.0000000000000000
174515334.0000000000000000
294110991.0000000000000000
245798898.0000000000000000
1250801052.0000000000000000
1435218189.0000000000000000
670752506.0000000000000000
1649709016.0000000000000000
82173109.0000000000000000
857490000.0000000000000000
972058109.0000000000000000
661955081.0000000000000000
11671338.0000000000000000
271059426.0000000000000000
180785147.0000000000000000
1687776787.0000000000000000
1954696532.0000000000000000
134591281.0000000000000000
1131884850.0000000000000000
1992576590.0000000000000000
833215350.0000000000000000
1370973813.0000000000000000
1158381494.0000000000000000
1766146081.0000000000000000
1979015720.0000000000000000
1694887982.0000000000000000
820097487.0000000000000000
1735079296.0000000000000000
1604765404.0000000000000000
1823796892.0000000000000000
1534230297.0000000000000000
1108399134.0000000000000000
1078898506.0000000000000000
1442767057.0000000000000000
1623380595.0000000000000000
298501962.0000000000000000
420687483.0000000000000000
1813080154.0000000000000000
395191309.0000000000000000
672139932.0000000000000000
1907895021.0000000000000000
1030313563.0000000000000000
428903682.0000000000000000
1412277685.0000000000000000
476564285.0000000000000000
1671735990.0000000000000000
305197314.0000000000000000
1204754116.0000000000000000
1875641892.0000000000000000
1447395528.0000000000000000
1787897525.0000000000000000
1660651136.0000000000000000
1267889618.0000000000000000
1640170337.0000000000000000
610506582.0000000000000000
1889804310.0000000000000000
384370888.0000000000000000
951426815.0000000000000000
1390543437.0000000000000000
699460008.0000000000000000
1304811783.0000000000000000
1730418657.0000000000000000
856363827.0000000000000000
846621269.0000000000000000
1287726651.0000000000000000
1936060910.0000000000000000
1892430639.0000000000000000
989241888.0000000000000000
627992393.0000000000000000
528433890.0000000000000000
646755199.0000000000000000
1609416931.0000000000000000
1043388777.0000000000000000
1844400657.0000000000000000
629580952.0000000000000000
6072641.0000000000000000
620089368.0000000000000000
1396918184.0000000000000000
376696776.0000000000000000
2060975266.0000000000000000
242588954.0000000000000000
445080308.0000000000000000
1151297278.0000000000000000
1000372555.0000000000000000
1916250774.0000000000000000
870305000.0000000000000000
1799560997.0000000000000000
1446648412.0000000000000000
745598382.0000000000000000
981914693.0000000000000000
1539942439.0000000000000000
1162088421.0000000000000000
576994985.0000000000000000
1489001354.0000000000000000
507578762.0000000000000000
470631541.0000000000000000
1104561852.0000000000000000
737703662.0000000000000000
202550399.0000000000000000
1887665154.0000000000000000
1119399015.0000000000000000
386839851.0000000000000000
942724790.0000000000000000
1466942491.0000000000000000
829570037.0000000000000000
916018859.0000000000000000
1289360871.0000000000000000
234576987.0000000000000000
342146590.0000000000000000
672563970.0000000000000000
978587665.0000000000000000
1599893069.0000000000000000
2058907361.0000000000000000
44041351.0000000000000000
1928189300.0000000000000000
85291638.0000000000000000
394709364.0000000000000000
1671581032.0000000000000000
158136104.0000000000000000
878273679.0000000000000000
1292413412.0000000000000000
1209734969.0000000000000000
1724916170.0000000000000000
153162844.0000000000000000
1020406649.0000000000000000
769304465.0000000000000000
1968922326.0000000000000000
1934660183.0000000000000000
411826969.0000000000000000
1994320152.0000000000000000
1762924393.0000000000000000
1092637289.0000000000000000
404259631.0000000000000000
1347584264.0000000000000000
1607774548.0000000000000000
1550101877.0000000000000000
1872666833.0000000000000000
1186994949.0000000000000000
2056665155.0000000000000000
1369678468.0000000000000000
18400960.0000000000000000
781098823.0000000000000000
213213171.0000000000000000
1720185677.0000000000000000
399493245.0000000000000000
817572761.0000000000000000
1499150323.0000000000000000
25084100.0000000000000000
379461075.0000000000000000
318322042.0000000000000000
1451042659.0000000000000000
592456289.0000000000000000
333293469.0000000000000000
478841551.0000000000000000
972125383.0000000000000000
1172063133.0000000000000000
1840019304.0000000000000000
830365981.0000000000000000
373953666.0000000000000000
530788967.0000000000000000
1970090192.0000000000000000
788380902.0000000000000000
1111088131.0000000000000000
1077683174.0000000000000000
38649718.0000000000000000
1330301183.0000000000000000
1116945487.0000000000000000
518434573.0000000000000000
1554725062.0000000000000000
1692713933.0000000000000000
698312496.0000000000000000
1369893141.0000000000000000
522971726.0000000000000000
296596980.0000000000000000
455843485.0000000000000000
1670372305.0000000000000000
28264029.0000000000000000
1600206898.0000000000000000
1124734562.0000000000000000
482417719.0000000000000000
1926411641.0000000000000000
505593010.0000000000000000
1587992726.0000000000000000
198628789.0000000000000000
2021303708.0000000000000000
1374600938.0000000000000000
461152493.0000000000000000
962980710.0000000000000000
649785905.0000000000000000
1881049613.0000000000000000
2086963638.0000000000000000
1384079421.0000000000000000
1715207829.0000000000000000
1107096180.0000000000000000
1367209095.0000000000000000
1855843024.0000000000000000
1254749154.0000000000000000
2042010569.0000000000000000
1237979969.0000000000000000
1690492373.0000000000000000
1984498433.0000000000000000
1683932587.0000000000000000
1514620094.0000000000000000
1282291499.0000000000000000
1759007339.0000000000000000
1122551742.0000000000000000
272312086.0000000000000000
1666231349.0000000000000000
1195950186.0000000000000000
532495011.0000000000000000
67874133.0000000000000000
1561812722.0000000000000000
454806773.0000000000000000
2017881519.0000000000000000
1549495354.0000000000000000
657103124.0000000000000000
331016259.0000000000000000
1684677418.0000000000000000
692981712.0000000000000000
1862558705.0000000000000000
1835342733.0000000000000000
2002992734.0000000000000000
1196774315.0000000000000000
1947691087.0000000000000000
100669.0000000000000000
660916487.0000000000000000
573556837.0000000000000000
1390598089.0000000000000000
1531585205.0000000000000000
573666704.0000000000000000
674402557.0000000000000000
172623403.0000000000000000
1424321892.0000000000000000
703571522.0000000000000000
529302443.0000000000000000
274325361.0000000000000000
1256273378.0000000000000000
177332700.0000000000000000
1651574882.0000000000000000
550804899.0000000000000000
310242589.0000000000000000
1719650353.0000000000000000
1286966948.0000000000000000
1912163036.0000000000000000
76277107.0000000000000000
1604665417.0000000000000000
1569115921.0000000000000000
1756098480.0000000000000000
1487105994.0000000000000000
815774123.0000000000000000
730832933.0000000000000000
86086317.0000000000000000
1219933931.0000000000000000
145186709.0000000000000000
240959156.0000000000000000
228217069.0000000000000000
1907712995.0000000000000000
1435001171.0000000000000000
763148569.0000000000000000
1718264801.0000000000000000
1538026652.0000000000000000
1590105340.0000000000000000
805251743.0000000000000000
1805613091.0000000000000000
1510906527.0000000000000000
13798878.0000000000000000
1564003050.0000000000000000
2081362124.0000000000000000
363304213.0000000000000000
1360478499.0000000000000000
775056794.0000000000000000
1155465115.0000000000000000
1389079342.0000000000000000
1582482437.0000000000000000
1642663198.0000000000000000
844169939.0000000000000000
181226513.0000000000000000
1992865128.0000000000000000
1485511804.0000000000000000
1131352346.0000000000000000
2124898138.0000000000000000
943190495.0000000000000000
1245036421.0000000000000000
30387226.0000000000000000
956134158.0000000000000000
65120356.0000000000000000
832077645.0000000000000000
118993446.0000000000000000
1663568111.0000000000000000
78417603.0000000000000000
707255825.0000000000000000
44470216.0000000000000000
1209379174.0000000000000000
1874960596.0000000000000000
1540846267.0000000000000000
1396342013.0000000000000000
2003980519.0000000000000000
912194650.0000000000000000
1069117832.0000000000000000
562390279.0000000000000000
185963953.0000000000000000
1608959295.0000000000000000
1848096107.0000000000000000
1091714937.0000000000000000
1281944976.0000000000000000
375444584.0000000000000000
2092720083.0000000000000000
730199492.0000000000000000
309766496.0000000000000000
1702022939.0000000000000000
1316505735.0000000000000000
1221389873.0000000000000000
1142930164.0000000000000000
127052251.0000000000000000
928682751.0000000000000000
2089816339.0000000000000000
1316953165.0000000000000000
2132688302.0000000000000000
1131761079.0000000000000000
234262547.0000000000000000
99568484.0000000000000000
107939561.0000000000000000
1029621931.0000000000000000
1199420528.0000000000000000
1295815494.0000000000000000
1042517543.0000000000000000
1704841123.0000000000000000
1637840187.0000000000000000
102524643.0000000000000000
764851988.0000000000000000
306851320.0000000000000000
2145854098.0000000000000000
110993018.0000000000000000
493886463.0000000000000000
1060494695.0000000000000000
1508976505.0000000000000000
1337856142.0000000000000000
1204868098.0000000000000000
307571472.0000000000000000
1559382853.0000000000000000
1010764797.0000000000000000
2068224547.0000000000000000
570840516.0000000000000000
1268409912.0000000000000000
1175989877.0000000000000000
1704572553.0000000000000000
592962932.0000000000000000
959162035.0000000000000000
1686518107.0000000000000000
1946710049.0000000000000000
33713861.0000000000000000
1759592334.0000000000000000
777635325.0000000000000000
1591564428.0000000000000000
1073781763.0000000000000000
541110115.0000000000000000
1457880381.0000000000000000
505185185.0000000000000000
2020432100.0000000000000000
554602408.0000000000000000
1659373349.0000000000000000
384295879.0000000000000000
1814634316.0000000000000000
808808585.0000000000000000
649022765.0000000000000000
1953197930.0000000000000000
1916237892.0000000000000000
2054306629.0000000000000000
234799752.0000000000000000
1631596366.0000000000000000
354367395.0000000000000000
1245644428.0000000000000000
487073847.0000000000000000
1693485026.0000000000000000
1376941062.0000000000000000
1408960629.0000000000000000
212295100.0000000000000000
993683397.0000000000000000
989230775.0000000000000000
1233114544.0000000000000000
263043320.0000000000000000
173506518.0000000000000000
456651794.0000000000000000
578187134.0000000000000000
1578716908.0000000000000000
2000033062.0000000000000000
87522686.0000000000000000
1597848432.0000000000000000
701539807.0000000000000000
934618834.0000000000000000
1244453596.0000000000000000
819827984.0000000000000000
1989352324.0000000000000000
1336194465.0000000000000000
1468519716.0000000000000000
321869343.0000000000000000
1460654187.0000000000000000
1763360602.0000000000000000
575705360.0000000000000000
461273879.0000000000000000
256363941.0000000000000000
1940022924.0000000000000000
1412017135.0000000000000000
918483162.0000000000000000
386753870.0000000000000000
2044554163.0000000000000000
2049197811.0000000000000000
940472515.0000000000000000
382926234.0000000000000000
574682290.0000000000000000
551008693.0000000000000000
1435525339.0000000000000000
1391927494.0000000000000000
1781485213.0000000000000000
1245466382.0000000000000000
1974571475.0000000000000000
409098738.0000000000000000
1845716951.0000000000000000
1010014811.0000000000000000
1787189168.0000000000000000
322334813.0000000000000000
880492499.0000000000000000
253674535.0000000000000000
2115115464.0000000000000000
1950148346.0000000000000000
340563072.0000000000000000
1438865740.0000000000000000
217852623.0000000000000000
680007057.0000000000000000
503458793.0000000000000000
2094613281.0000000000000000
1279820114.0000000000000000
2097657371.0000000000000000
29860596.0000000000000000
1594769883.0000000000000000
209473567.0000000000000000
1353825800.0000000000000000
2141153674.0000000000000000
763447433.0000000000000000
96617457.0000000000000000
503615949.0000000000000000
919785523.0000000000000000
65785292.0000000000000000
478307629.0000000000000000
989492335.0000000000000000
523782140.0000000000000000
1312313043.0000000000000000
1292850339.0000000000000000
634172025.0000000000000000
75191653.0000000000000000
992277052.0000000000000000
1998562957.0000000000000000
1374631287.0000000000000000
1806119540.0000000000000000
1953534826.0000000000000000
556707205.0000000000000000
192433878.0000000000000000
104665169.0000000000000000
466647227.0000000000000000
1004011520.0000000000000000
1564739221.0000000000000000
245277883.0000000000000000
1183912267.0000000000000000
1992055382.0000000000000000
713355511.0000000000000000
1899542553.0000000000000000
204428608.0000000000000000
1904251768.0000000000000000
1595371198.0000000000000000
1569654968.0000000000000000
1318141009.0000000000000000
1711089503.0000000000000000
1455371254.0000000000000000
1768794057.0000000000000000
251243823.0000000000000000
1230674396.0000000000000000
5631942.0000000000000000
398068012.0000000000000000
866596855.0000000000000000
860144854.0000000000000000
162403134.0000000000000000
1138101281.0000000000000000
215341973.0000000000000000
1945891638.0000000000000000
310273413.0000000000000000
1064651899.0000000000000000
1346941484.0000000000000000
991505661.0000000000000000
296528780.0000000000000000
429363923.0000000000000000
1238138000.0000000000000000
216272000.0000000000000000
988506952.0000000000000000
285830504.0000000000000000
856979759.0000000000000000
1287572525.0000000000000000
1758179117.0000000000000000
1386214636.0000000000000000
1173059560.0000000000000000
1636750614.0000000000000000
405201937.0000000000000000
964263748.0000000000000000
1182176620.0000000000000000
259488863.0000000000000000
421101832.0000000000000000
2026478004.0000000000000000
201407458.0000000000000000
755526127.0000000000000000
709606368.0000000000000000
897534569.0000000000000000
39848341.0000000000000000
438485374.0000000000000000
315813605.0000000000000000
1624064901.0000000000000000
861838989.0000000000000000
824722490.0000000000000000
1667250732.0000000000000000
871700699.0000000000000000
1597272000.0000000000000000
33165457.0000000000000000
1820042348.0000000000000000
1530130017.0000000000000000
7426169.0000000000000000
1063880569.0000000000000000
1179529128.0000000000000000
136135018.0000000000000000
1999038585.0000000000000000
869921280.0000000000000000
251836754.0000000000000000
1656241707.0000000000000000
1459834400.0000000000000000
233233021.0000000000000000
2122466788.0000000000000000
1681545190.0000000000000000
88639634.0000000000000000
1443145325.0000000000000000
1626870461.0000000000000000
1782648142.0000000000000000
963964191.0000000000000000
203845520.0000000000000000
512976554.0000000000000000
1215387142.0000000000000000
914600930.0000000000000000
531900034.0000000000000000
284327308.0000000000000000
132629780.0000000000000000
374138644.0000000000000000
576279545.0000000000000000
1470796522.0000000000000000
1921376925.0000000000000000
1825051735.0000000000000000
1320634492.0000000000000000
2042830296.0000000000000000
791251530.0000000000000000
1654844049.0000000000000000
855320512.0000000000000000
1335077589.0000000000000000
384868448.0000000000000000
2008532428.0000000000000000
1268632557.0000000000000000
957426576.0000000000000000
1889537797.0000000000000000
1767125139.0000000000000000
1680687005.0000000000000000
428674782.0000000000000000
502390523.0000000000000000
524135236.0000000000000000
1410681417.0000000000000000
631340353.0000000000000000
1278792724.0000000000000000
1049546350.0000000000000000
159037710.0000000000000000
2057337242.0000000000000000
339335164.0000000000000000
1460674641.0000000000000000
2063762111.0000000000000000
861746410.0000000000000000
1602182790.0000000000000000
2124149955.0000000000000000
1571825916.0000000000000000
442482781.0000000000000000
511583958.0000000000000000
1749757806.0000000000000000
1386099901.0000000000000000
1976714674.0000000000000000
372315265.0000000000000000
504038566.0000000000000000
1115917669.0000000000000000
1075259134.0000000000000000
184794536.0000000000000000
915736906.0000000000000000
659067697.0000000000000000
1906889260.0000000000000000
111387570.0000000000000000
1249152986.0000000000000000
141413008.0000000000000000
1609946277.0000000000000000
510770136.0000000000000000
427778693.0000000000000000
1445834946.0000000000000000
266795367.0000000000000000
1135787096.0000000000000000
202019540.0000000000000000
1184726095.0000000000000000
1559473950.0000000000000000
1665728802.0000000000000000
1470593630.0000000000000000
2105210525.0000000000000000
291079690.0000000000000000
966071161.0000000000000000
1752327934.0000000000000000
1084384795.0000000000000000
1760481135.0000000000000000
%%
846930886.0000000000000000
1714636915.0000000000000000
424238335.0000000000000000
1649760492.0000000000000000
1189641421.0000000000000000
1350490027.0000000000000000
1102520059.0000000000000000
1967513926.0000000000000000
1540383426.0000000000000000
1303455736.0000000000000000
521595368.0000000000000000
1726956429.0000000000000000
861021530.0000000000000000
233665123.0000000000000000
468703135.0000000000000000
1801979802.0000000000000000
635723058.0000000000000000
1125898167.0000000000000000
2089018456.0000000000000000
1656478042.0000000000000000
1653377373.0000000000000000
1914544919.0000000000000000
756898537.0000000000000000
1973594324.0000000000000000
2038664370.0000000000000000
184803526.0000000000000000
1424268980.0000000000000000
749241873.0000000000000000
42999170.0000000000000000
135497281.0000000000000000
2084420925.0000000000000000
1827336327.0000000000000000
1159126505.0000000000000000
1632621729.0000000000000000
1433925857.0000000000000000
84353895.0000000000000000
2001100545.0000000000000000
1548233367.0000000000000000
1585990364.0000000000000000
760313750.0000000000000000
356426808.0000000000000000
1889947178.0000000000000000
709393584.0000000000000000
1918502651.0000000000000000
1474612399.0000000000000000
1264095060.0000000000000000
1843993368.0000000000000000
1984210012.0000000000000000
1749698586.0000000000000000
1956297539.0000000000000000
463480570.0000000000000000
1975960378.0000000000000000
1892066601.0000000000000000
927612902.0000000000000000
603570492.0000000000000000
660260756.0000000000000000
485560280.0000000000000000
593209441.0000000000000000
894429689.0000000000000000
1947346619.0000000000000000
270744729.0000000000000000
1633108117.0000000000000000
2007905771.0000000000000000
822890675.0000000000000000
791698927.0000000000000000
498777856.0000000000000000
524872353.0000000000000000
1572276965.0000000000000000
1703964683.0000000000000000
1600028624.0000000000000000
2040332871.0000000000000000
1120048829.0000000000000000
515530019.0000000000000000
1573363368.0000000000000000
2077486715.0000000000000000
1631518149.0000000000000000
289700723.0000000000000000
168002245.0000000000000000
439493451.0000000000000000
1760243555.0000000000000000
1622597488.0000000000000000
338888228.0000000000000000
438792350.0000000000000000
269441500.0000000000000000
116087764.0000000000000000
155324914.0000000000000000
1982275856.0000000000000000
387346491.0000000000000000
841148365.0000000000000000
1760281936.0000000000000000
1186452551.0000000000000000
971899228.0000000000000000
213975407.0000000000000000
1626276121.0000000000000000
2130794395.0000000000000000
1884661237.0000000000000000
1350573793.0000000000000000
1605894428.0000000000000000
1987231011.0000000000000000
1784639529.0000000000000000
1597322404.0000000000000000
2112255763.0000000000000000
1067854538.0000000000000000
1782436840.0000000000000000
165344818.0000000000000000
532670688.0000000000000000
492067917.0000000000000000
680466996.0000000000000000
496987743.0000000000000000
1359512183.0000000000000000
1398295499.0000000000000000
2086206725.0000000000000000
1172755590.0000000000000000
243268139.0000000000000000
1272469786.0000000000000000
968338082.0000000000000000
1820388464.0000000000000000
6939507.0000000000000000
1285228804.0000000000000000
502278611.0000000000000000
1037127828.0000000000000000
654887343.0000000000000000
392035568.0000000000000000
87755422.0000000000000000
1494613810.0000000000000000
1369321801.0000000000000000
396473730.0000000000000000
1346811305.0000000000000000
705178736.0000000000000000
434248626.0000000000000000
1470503465.0000000000000000
552473416.0000000000000000
188213258.0000000000000000
1884167637.0000000000000000
201305624.0000000000000000
776532036.0000000000000000
1273911899.0000000000000000
620145550.0000000000000000
619290071.0000000000000000
407487131.0000000000000000
7684930.0000000000000000
711845894.0000000000000000
937370163.0000000000000000
1973387981.0000000000000000
1501252996.0000000000000000
1472713773.0000000000000000
1662739668.0000000000000000
1967681095.0000000000000000
437116466.0000000000000000
1176911340.0000000000000000
1943327684.0000000000000000
1876855542.0000000000000000
1237379107.0000000000000000
588219756.0000000000000000
1057418418.0000000000000000
1823089412.0000000000000000
625032172.0000000000000000
1469262009.0000000000000000
298625210.0000000000000000
1057467587.0000000000000000
1555319301.0000000000000000
476667372.0000000000000000
260401255.0000000000000000
774044599.0000000000000000
2001229904.0000000000000000
1335939811.0000000000000000
1756915667.0000000000000000
719346228.0000000000000000
1414829150.0000000000000000
555996658.0000000000000000
155789224.0000000000000000
1389867269.0000000000000000
619054081.0000000000000000
195740084.0000000000000000
2006811972.0000000000000000
570073850.0000000000000000
1635905385.0000000000000000
337739299.0000000000000000
1343606042.0000000000000000
446340713.0000000000000000
915256190.0000000000000000
846942590.0000000000000000
700108581.0000000000000000
1371499336.0000000000000000
726371155.0000000000000000
292218004.0000000000000000
11614769.0000000000000000
1662981776.0000000000000000
246247255.0000000000000000
1548348142.0000000000000000
964445884.0000000000000000
1520223205.0000000000000000
1017679567.0000000000000000
201690613.0000000000000000
822262754.0000000000000000
1411154259.0000000000000000
282828202.0000000000000000
114723506.0000000000000000
1676902021.0000000000000000
950390868.0000000000000000
1266235189.0000000000000000
1137949908.0000000000000000
777210498.0000000000000000
1908518808.0000000000000000
364686248.0000000000000000
1129033333.0000000000000000
1280321648.0000000000000000
1781999754.0000000000000000
212251746.0000000000000000
364319529.0000000000000000
484238046.0000000000000000
624549797.0000000000000000
1886086990.0000000000000000
1750003033.0000000000000000
78012497.0000000000000000
1671294892.0000000000000000
1795519125.0000000000000000
474613996.0000000000000000
1315209188.0000000000000000
1448703729.0000000000000000
1545032460.0000000000000000
861543921.0000000000000000
932026304.0000000000000000
828388027.0000000000000000
332266748.0000000000000000
31308902.0000000000000000
820697697.0000000000000000
1583571043.0000000000000000
1395132002.0000000000000000
1974806403.0000000000000000
1739000681.0000000000000000
669908538.0000000000000000
12895151.0000000000000000
1812282134.0000000000000000
1380171692.0000000000000000
860516127.0000000000000000
1543755629.0000000000000000
1455590964.0000000000000000
70636429.0000000000000000
1472576335.0000000000000000
1329202900.0000000000000000
1219407971.0000000000000000
12260289.0000000000000000
561717988.0000000000000000
1841585795.0000000000000000
733053144.0000000000000000
1887658390.0000000000000000
672655340.0000000000000000
400000569.0000000000000000
1081174232.0000000000000000
1450956042.0000000000000000
410409117.0000000000000000
1516266761.0000000000000000
1175526309.0000000000000000
2002495425.0000000000000000
1989806367.0000000000000000
2004504234.0000000000000000
1186631626.0000000000000000
1717226057.0000000000000000
1276673168.0000000000000000
2137390358.0000000000000000
696947386.0000000000000000
1265204346.0000000000000000
1630634994.0000000000000000
1707056552.0000000000000000
1297893529.0000000000000000
358532290.0000000000000000
1857756970.0000000000000000
1426819080.0000000000000000
1314218593.0000000000000000
1386418627.0000000000000000
318561886.0000000000000000
70788355.0000000000000000
1112720090.0000000000000000
1106059479.0000000000000000
1051858969.0000000000000000
104152274.0000000000000000
826047641.0000000000000000
970925433.0000000000000000
887077888.0000000000000000
873524566.0000000000000000
1541027284.0000000000000000
1745790417.0000000000000000
959372260.0000000000000000
2137100237.0000000000000000
159473059.0000000000000000
1282648518.0000000000000000
471990783.0000000000000000
1983228458.0000000000000000
993967637.0000000000000000
1826620483.0000000000000000
2037770478.0000000000000000
1647149314.0000000000000000
1152645729.0000000000000000
1025533459.0000000000000000
1001089438.0000000000000000
2077211388.0000000000000000
983631233.0000000000000000
1645933681.0000000000000000
553160358.0000000000000000
2069110699.0000000000000000
864101839.0000000000000000
1190668363.0000000000000000
410228794.0000000000000000
773319847.0000000000000000
1968217462.0000000000000000
1302539390.0000000000000000
235745791.0000000000000000
427355115.0000000000000000
1272796157.0000000000000000
1280631491.0000000000000000
1204462951.0000000000000000
521035021.0000000000000000
738393740.0000000000000000
1983614030.0000000000000000
1655035325.0000000000000000
2004187516.0000000000000000
962033002.0000000000000000
1707746139.0000000000000000
2073785404.0000000000000000
628974580.0000000000000000
786039021.0000000000000000
1605539862.0000000000000000
586235379.0000000000000000
262692685.0000000000000000
1338299904.0000000000000000
1985433483.0000000000000000
606199759.0000000000000000
435889744.0000000000000000
378469911.0000000000000000
488663950.0000000000000000
29777560.0000000000000000
257675105.0000000000000000
1392740049.0000000000000000
216588711.0000000000000000
151519934.0000000000000000
1066077375.0000000000000000
629593614.0000000000000000
1959343768.0000000000000000
409544918.0000000000000000
927376882.0000000000000000
1617876982.0000000000000000
2143124030.0000000000000000
1124311574.0000000000000000
1421186593.0000000000000000
703550253.0000000000000000
1388803074.0000000000000000
107734713.0000000000000000
1725138377.0000000000000000
1464415775.0000000000000000
672032919.0000000000000000
639806732.0000000000000000
406011017.0000000000000000
114760235.0000000000000000
337745691.0000000000000000
292423943.0000000000000000
124666328.0000000000000000
2030449291.0000000000000000
1986894018.0000000000000000
551836836.0000000000000000
362575055.0000000000000000
1022963858.0000000000000000
1988714904.0000000000000000
1250372661.0000000000000000
483689685.0000000000000000
1360613073.0000000000000000
35756851.0000000000000000
746349250.0000000000000000
1122336503.0000000000000000
659639006.0000000000000000
1385414639.0000000000000000
577721120.0000000000000000
714880226.0000000000000000
1630387677.0000000000000000
1467963981.0000000000000000
1814887560.0000000000000000
1290127955.0000000000000000
1434433518.0000000000000000
1821066342.0000000000000000
550245196.0000000000000000
1104627321.0000000000000000
1312994984.0000000000000000
1763794427.0000000000000000
1582152040.0000000000000000
772970072.0000000000000000
51245830.0000000000000000
1046370347.0000000000000000
1520982030.0000000000000000
1089653714.0000000000000000
168057522.0000000000000000
1038626924.0000000000000000
93189435.0000000000000000
525829204.0000000000000000
1312630443.0000000000000000
2064945486.0000000000000000
356684278.0000000000000000
1626250262.0000000000000000
14989683.0000000000000000
1581539848.0000000000000000
1981208324.0000000000000000
1691449122.0000000000000000
217927335.0000000000000000
513937457.0000000000000000
204102747.0000000000000000
595311776.0000000000000000
2013725218.0000000000000000
207621703.0000000000000000
1815209933.0000000000000000
1487053959.0000000000000000
932862806.0000000000000000
695748720.0000000000000000
279121308.0000000000000000
811742698.0000000000000000
1417076376.0000000000000000
1891252715.0000000000000000
452825171.0000000000000000
1135771559.0000000000000000
2025554010.0000000000000000
262178224.0000000000000000
1105816539.0000000000000000
454333378.0000000000000000
343945053.0000000000000000
931489114.0000000000000000
1395405989.0000000000000000
992028067.0000000000000000
1675575223.0000000000000000
1470332231.0000000000000000
1862292122.0000000000000000
101323875.0000000000000000
380390179.0000000000000000
235202254.0000000000000000
1280311131.0000000000000000
1503967857.0000000000000000
873199181.0000000000000000
1240554603.0000000000000000
476152433.0000000000000000
803590181.0000000000000000
209359415.0000000000000000
831768825.0000000000000000
2006138722.0000000000000000
1785550551.0000000000000000
1364090032.0000000000000000
1341443181.0000000000000000
1242990415.0000000000000000
63299708.0000000000000000
1287859999.0000000000000000
309112297.0000000000000000
1669475776.0000000000000000
1579068977.0000000000000000
1431742587.0000000000000000
226723382.0000000000000000
219544266.0000000000000000
580508860.0000000000000000
617909211.0000000000000000
2033669086.0000000000000000
1088590930.0000000000000000
2010794583.0000000000000000
632651476.0000000000000000
1384095820.0000000000000000
500037525.0000000000000000
1351538839.0000000000000000
1745897490.0000000000000000
61101360.0000000000000000
1326247643.0000000000000000
1663080928.0000000000000000
164826621.0000000000000000
370917955.0000000000000000
772634225.0000000000000000
813274570.0000000000000000
216220853.0000000000000000
1867107722.0000000000000000
223712350.0000000000000000
1610009097.0000000000000000
787689126.0000000000000000
584522071.0000000000000000
146533149.0000000000000000
928140528.0000000000000000
1449228398.0000000000000000
1012836610.0000000000000000
481928577.0000000000000000
1238498976.0000000000000000
270754552.0000000000000000
1031126087.0000000000000000
413360099.0000000000000000
286448566.0000000000000000
396377017.0000000000000000
1934392735.0000000000000000
1736491298.0000000000000000
1476453195.0000000000000000
96055805.0000000000000000
1664423428.0000000000000000
1849552528.0000000000000000
2135019593.0000000000000000
1434322197.0000000000000000
1779289672.0000000000000000
1528806445.0000000000000000
415522325.0000000000000000
332238283.0000000000000000
695466127.0000000000000000
1143565421.0000000000000000
1375179334.0000000000000000
987987334.0000000000000000
12548159.0000000000000000
411522957.0000000000000000
953691761.0000000000000000
1402492972.0000000000000000
750167716.0000000000000000
915711850.0000000000000000
108375482.0000000000000000
1738076217.0000000000000000
2118801173.0000000000000000
610486506.0000000000000000
771476364.0000000000000000
1833488263.0000000000000000
1688323172.0000000000000000
301373537.0000000000000000
222028828.0000000000000000
2078107280.0000000000000000
1866355856.0000000000000000
1723578341.0000000000000000
849725352.0000000000000000
1143195511.0000000000000000
2083149517.0000000000000000
190113083.0000000000000000
113974112.0000000000000000
1931706506.0000000000000000
900104667.0000000000000000
472131489.0000000000000000
1337434154.0000000000000000
991039875.0000000000000000
987706141.0000000000000000
1794292538.0000000000000000
434290636.0000000000000000
1444311956.0000000000000000
2067062760.0000000000000000
825726814.0000000000000000
1998994314.0000000000000000
221713886.0000000000000000
1880346039.0000000000000000
1978701535.0000000000000000
192532621.0000000000000000
2079611790.0000000000000000
10150109.0000000000000000
616734673.0000000000000000
562395735.0000000000000000
78374295.0000000000000000
752704313.0000000000000000
612353198.0000000000000000
1450099355.0000000000000000
1340157793.0000000000000000
929588156.0000000000000000
2138982933.0000000000000000
1987323286.0000000000000000
568275358.0000000000000000
625040140.0000000000000000
1567022181.0000000000000000
14933990.0000000000000000
1910210050.0000000000000000
1903409954.0000000000000000
1372668364.0000000000000000
1987235624.0000000000000000
1868423919.0000000000000000
1176225844.0000000000000000
1779451238.0000000000000000
242474976.0000000000000000
1848520019.0000000000000000
990526343.0000000000000000
1953161956.0000000000000000
2053232475.0000000000000000
403068011.0000000000000000
773446912.0000000000000000
1348361729.0000000000000000
1321756868.0000000000000000
813465002.0000000000000000
1490549207.0000000000000000
1396005216.0000000000000000
1489692377.0000000000000000
1922757472.0000000000000000
1450238957.0000000000000000
997276125.0000000000000000
379366797.0000000000000000
717293418.0000000000000000
390848153.0000000000000000
52775474.0000000000000000
896925393.0000000000000000
827385948.0000000000000000
278450030.0000000000000000
311269559.0000000000000000
1139352160.0000000000000000
530406424.0000000000000000
1163384280.0000000000000000
1812718902.0000000000000000
895873480.0000000000000000
1024027583.0000000000000000
995234140.0000000000000000
1891342723.0000000000000000
572132557.0000000000000000
597010431.0000000000000000
984124220.0000000000000000
1259577690.0000000000000000
1105629391.0000000000000000
1403938270.0000000000000000
2115227667.0000000000000000
836802671.0000000000000000
692458743.0000000000000000
1589513899.0000000000000000
1146137088.0000000000000000
213952386.0000000000000000
695258232.0000000000000000
93155710.0000000000000000
1111800030.0000000000000000
917609663.0000000000000000
298167279.0000000000000000
499429649.0000000000000000
16922351.0000000000000000
1015857464.0000000000000000
1698487330.0000000000000000
359147515.0000000000000000
1987519915.0000000000000000
625843881.0000000000000000
415675634.0000000000000000
240854387.0000000000000000
1322623287.0000000000000000
1456339643.0000000000000000
1692786742.0000000000000000
1560890244.0000000000000000
1386510139.0000000000000000
193552063.0000000000000000
1845636353.0000000000000000
819485269.0000000000000000
304505404.0000000000000000
837626799.0000000000000000
2107654819.0000000000000000
1521740435.0000000000000000
245240853.0000000000000000
332702450.0000000000000000
67974802.0000000000000000
75245562.0000000000000000
1028363610.0000000000000000
1260995960.0000000000000000
933596911.0000000000000000
1230769829.0000000000000000
1005418816.0000000000000000
1857300821.0000000000000000
2117303605.0000000000000000
418646579.0000000000000000
217161528.0000000000000000
129834447.0000000000000000
305564045.0000000000000000
2125023787.0000000000000000
1651675551.0000000000000000
1211721386.0000000000000000
883799426.0000000000000000
962764794.0000000000000000
671068506.0000000000000000
338346092.0000000000000000
750679664.0000000000000000
1777288820.0000000000000000
845954166.0000000000000000
312186354.0000000000000000
2016408437.0000000000000000
1090099484.0000000000000000
1987106312.0000000000000000
263419017.0000000000000000
724025165.0000000000000000
695991608.0000000000000000
551201745.0000000000000000
1947867422.0000000000000000
1047196295.0000000000000000
1199680559.0000000000000000
839425676.0000000000000000
1175446571.0000000000000000
959658925.0000000000000000
1198720172.0000000000000000
144874089.0000000000000000
473903566.0000000000000000
94255812.0000000000000000
99885196.0000000000000000
636453333.0000000000000000
79065186.0000000000000000
604263370.0000000000000000
1588695568.0000000000000000
535286141.0000000000000000
442982639.0000000000000000
4744263.0000000000000000
1153263590.0000000000000000
1033206202.0000000000000000
286791631.0000000000000000
986478257.0000000000000000
1650994571.0000000000000000
848934683.0000000000000000
1145151225.0000000000000000
1541417540.0000000000000000
877068972.0000000000000000
1608340634.0000000000000000
1390865725.0000000000000000
1731190952.0000000000000000
1220585472.0000000000000000
73673339.0000000000000000
1701475883.0000000000000000
1158747661.0000000000000000
922587542.0000000000000000
888482339.0000000000000000
2037335344.0000000000000000
547407330.0000000000000000
858829294.0000000000000000
1518260757.0000000000000000
192048860.0000000000000000
1101533292.0000000000000000
942581876.0000000000000000
2025251990.0000000000000000
627510635.0000000000000000
1018041598.0000000000000000
1727952741.0000000000000000
1364180570.0000000000000000
1170132540.0000000000000000
1989200801.0000000000000000
419914800.0000000000000000
1154615609.0000000000000000
457676440.0000000000000000
1850612763.0000000000000000
950881304.0000000000000000
1173002606.0000000000000000
2133584523.0000000000000000
64564349.0000000000000000
689442530.0000000000000000
1114646704.0000000000000000
1551291986.0000000000000000
1017565625.0000000000000000
1076919591.0000000000000000
266222407.0000000000000000
609707131.0000000000000000
44804919.0000000000000000
838139053.0000000000000000
1339388427.0000000000000000
753959819.0000000000000000
464837581.0000000000000000
116423768.0000000000000000
700287639.0000000000000000
1764892438.0000000000000000
1031207394.0000000000000000
707184680.0000000000000000
1623804486.0000000000000000
2131058752.0000000000000000
1242754098.0000000000000000
728149010.0000000000000000
1160063179.0000000000000000
1616916066.0000000000000000
219994425.0000000000000000
256804978.0000000000000000
1603386966.0000000000000000
454416748.0000000000000000
568122272.0000000000000000
1558581086.0000000000000000
673365159.0000000000000000
2033261900.0000000000000000
1482841197.0000000000000000
1702943003.0000000000000000
703955951.0000000000000000
1453048498.0000000000000000
599529154.0000000000000000
1308202906.0000000000000000
1371570003.0000000000000000
816976784.0000000000000000
1085206797.0000000000000000
1003463633.0000000000000000
2084546560.0000000000000000
461851014.0000000000000000
2028720897.0000000000000000
1773595097.0000000000000000
1048938329.0000000000000000
111691313.0000000000000000
104852634.0000000000000000
1343457914.0000000000000000
1353668775.0000000000000000
608034986.0000000000000000
682736626.0000000000000000
1565306616.0000000000000000
546389569.0000000000000000
1498387409.0000000000000000
1308581515.0000000000000000
25222833.0000000000000000
1812247776.0000000000000000
1750829613.0000000000000000
360022300.0000000000000000
100603786.0000000000000000
888830763.0000000000000000
1793256508.0000000000000000
2026929416.0000000000000000
1802491982.0000000000000000
1638253540.0000000000000000
1038828826.0000000000000000
31797565.0000000000000000
80329499.0000000000000000
691451546.0000000000000000
62299853.0000000000000000
1933084303.0000000000000000
1098193842.0000000000000000
574596534.0000000000000000
1143849810.0000000000000000
2078480869.0000000000000000
196095815.0000000000000000
1456748696.0000000000000000
1813511382.0000000000000000
831099451.0000000000000000
421825361.0000000000000000
1731563037.0000000000000000
495375861.0000000000000000
1917305981.0000000000000000
194064088.0000000000000000
6938620.0000000000000000
313823293.0000000000000000
343886628.0000000000000000
1390387708.0000000000000000
2113556942.0000000000000000
1853101996.0000000000000000
1631207466.0000000000000000
716898500.0000000000000000
1891066487.0000000000000000
129183332.0000000000000000
1851445950.0000000000000000
896551633.0000000000000000
2011662880.0000000000000000
1051402293.0000000000000000
1967632854.0000000000000000
95275444.0000000000000000
1501830323.0000000000000000
1767110751.0000000000000000
1821115873.0000000000000000
616716465.0000000000000000
1396768681.0000000000000000
1684259683.0000000000000000
224048977.0000000000000000
1820965014.0000000000000000
636600769.0000000000000000
542314107.0000000000000000
353673391.0000000000000000
1776088411.0000000000000000
683309587.0000000000000000
1999337836.0000000000000000
1925473439.0000000000000000
330546620.0000000000000000
356228371.0000000000000000
978053418.0000000000000000
960188534.0000000000000000
1817049764.0000000000000000
1917104697.0000000000000000
1089966067.0000000000000000
1607500335.0000000000000000
2108785490.0000000000000000
566112132.0000000000000000
437180529.0000000000000000
1942481690.0000000000000000
1137638147.0000000000000000
745792349.0000000000000000
981766422.0000000000000000
936621968.0000000000000000
1803602255.0000000000000000
1262486766.0000000000000000
1322710936.0000000000000000
81458260.0000000000000000
284665220.0000000000000000
198619204.0000000000000000
1992232983.0000000000000000
2138078721.0000000000000000
1902736997.0000000000000000
309667127.0000000000000000
1476492728.0000000000000000
258219170.0000000000000000
582972798.0000000000000000
1456139563.0000000000000000
1527793660.0000000000000000
729568616.0000000000000000
1538128223.0000000000000000
1818084292.0000000000000000
2067247035.0000000000000000
1705632563.0000000000000000
1750621862.0000000000000000
1579059895.0000000000000000
1562887660.0000000000000000
1401422376.0000000000000000
2126362173.0000000000000000
1510574887.0000000000000000
1815754673.0000000000000000
1922018481.0000000000000000
625321929.0000000000000000
1815983044.0000000000000000
1475952280.0000000000000000
1189544209.0000000000000000
242639747.0000000000000000
1579952366.0000000000000000
612203759.0000000000000000
366831742.0000000000000000
894869401.0000000000000000
1810713171.0000000000000000
1368062958.0000000000000000
1628414422.0000000000000000
628257755.0000000000000000
654829090.0000000000000000
612816071.0000000000000000
547772603.0000000000000000
1660038320.0000000000000000
1243769942.0000000000000000
614340012.0000000000000000
1855103807.0000000000000000
1145975358.0000000000000000
1019382894.0000000000000000
278190158.0000000000000000
1973521090.0000000000000000
1184622626.0000000000000000
1483332973.0000000000000000
553918865.0000000000000000
1752143421.0000000000000000
1955769409.0000000000000000
1478705400.0000000000000000
688852786.0000000000000000
1659239833.0000000000000000
95266356.0000000000000000
1189914410.0000000000000000
1041356631.0000000000000000
1566586128.0000000000000000
37623446.0000000000000000
1798027458.0000000000000000
1824700010.0000000000000000
1488873165.0000000000000000
1113331867.0000000000000000
1267040926.0000000000000000
1788986238.0000000000000000
701943705.0000000000000000
1131189562.0000000000000000
2018373832.0000000000000000
2059643461.0000000000000000
2021449807.0000000000000000
138172497.0000000000000000
717032538.0000000000000000
1961415139.0000000000000000
1219377470.0000000000000000
574620392.0000000000000000
167368542.0000000000000000
346502533.0000000000000000
1113675743.0000000000000000
333480550.0000000000000000
979601485.0000000000000000
1104933720.0000000000000000
1572255140.0000000000000000
1714710647.0000000000000000
1908681983.0000000000000000
825791694.0000000000000000
1634296630.0000000000000000
699045063.0000000000000000
2143493320.0000000000000000
339980538.0000000000000000
364531492.0000000000000000
2085308422.0000000000000000
1166437685.0000000000000000
40658094.0000000000000000
1744161708.0000000000000000
365862802.0000000000000000
349121784.0000000000000000
110341087.0000000000000000
1559436157.0000000000000000
1217038602.0000000000000000
1304438548.0000000000000000
955798986.0000000000000000
859310840.0000000000000000
995097051.0000000000000000
20336956.0000000000000000
2070707654.0000000000000000
102194872.0000000000000000
916768482.0000000000000000
145376088.0000000000000000
1401262337.0000000000000000
1331565220.0000000000000000
318333694.0000000000000000
1090438014.0000000000000000
1454580282.0000000000000000
106242869.0000000000000000
1823025015.0000000000000000
419481884.0000000000000000
54449299.0000000000000000
138700754.0000000000000000
2134113236.0000000000000000
237140292.0000000000000000
543906158.0000000000000000
1918386023.0000000000000000
1607967721.0000000000000000
270617569.0000000000000000
1805816260.0000000000000000
481387902.0000000000000000
1135386147.0000000000000000
405341089.0000000000000000
2074216439.0000000000000000
966618017.0000000000000000
1922265375.0000000000000000
233614511.0000000000000000
517408978.0000000000000000
878777377.0000000000000000
531352976.0000000000000000
413892161.0000000000000000
1455252833.0000000000000000
388450127.0000000000000000
101072999.0000000000000000
1777483316.0000000000000000
113766839.0000000000000000
1883555567.0000000000000000
1683213486.0000000000000000
1691635767.0000000000000000
652996966.0000000000000000
1212220435.0000000000000000
1896870037.0000000000000000
257009719.0000000000000000
1818150212.0000000000000000
770833934.0000000000000000
104221117.0000000000000000
1277278674.0000000000000000
1369520631.0000000000000000
327727208.0000000000000000
177312851.0000000000000000
1229999242.0000000000000000
69114447.0000000000000000
1540232676.0000000000000000
1107484169.0000000000000000
1214790563.0000000000000000
1595154931.0000000000000000
%%
1.0000000000000000
0.9999811752826011
0.9999247018391445
0.9998305817958234
0.9996988186962042
0.9995294175010931
0.9993223845883495
0.9990777277526454
0.9987954562051724
0.9984755805732948
0.9981181129001492
0.9977230666441916
0.9972904566786902
0.9968202992911657
0.9963126121827780
0.9957674144676598
0.9951847266721969
0.9945645707342554
0.9939069700023561
0.9932119492347945
0.9924795345987100
0.9917097536690995
0.9909026354277800
0.9900582102622971
0.9891765099647810
0.9882575677307495
0.9873014181578583
0.9863080972445987
0.9852776423889412
0.9842100923869290
0.9831054874312163
0.9819638691095552
0.9807852804032304
0.9795697656854405
0.9783173707196277
0.9770281426577543
0.9757021300385285
0.9743393827855759
0.9729399522055601
0.9715038909862518
0.9700312531945440
0.9685220942744173
0.9669764710448521
0.9653944416976893
0.9637760657954398
0.9621214042690416
0.9604305194155658
0.9587034748958715
0.9569403357322088
0.9551411683057707
0.9533060403541938
0.9514350209690083
0.9495281805930366
0.9475855910177411
0.9456073253805213
0.9435934581619603
0.9415440651830207
0.9394592236021898
0.9373390119125748
0.9351835099389475
0.9329927988347388
0.9307669610789837
0.9285060804732155
0.9262102421383113
0.9238795325112867
0.9215140393420419
0.9191138516900577
0.9166790599210426
0.9142097557035306
0.9117060320054298
0.9091679830905223
0.9065957045149153
0.9039892931234432
0.9013488470460219
0.8986744656939537
0.8959662497561850
0.8932243011955152
0.8904487232447578
0.8876396204028538
0.8847970984309377
0.8819212643483549
0.8790122264286333
0.8760700941954065
0.8730949784182900
0.8700869911087113
0.8670462455156925
0.8639728561215866
0.8608669386377672
0.8577286100002719
0.8545579883654004
0.8513551931052650
0.8481203448032971
0.8448535652497069
0.8415549774368982
0.8382247055548379
0.8348628749863799
0.8314696123025450
0.8280450452577556
0.8245893027850251
0.8211025149911044
0.8175848131515835
0.8140363297059482
0.8104571982525947
0.8068475535437991
0.8032075314806447
0.7995372691079048
0.7958369046088833
0.7921065773002122
0.7883464276266060
0.7845565971555750
0.7807372285720943
0.7768884656732322
0.7730104533627368
0.7691033376455794
0.7651672656224586
0.7612023854842616
0.7572088465064843
0.7531867990436122
0.7491363945234590
0.7450577854414657
0.7409511253549588
0.7368165688773697
0.7326542716724125
0.7284643904482249
0.7242470829514667
0.7200025079613814
0.7157308252838184
0.7114321957452161
0.7071067811865472
0.7027547444572251
0.6983762494089727
0.6939714608896537
0.6895405447370666
0.6850836677727001
0.6806009977954528
0.6760927035753156
0.6715589548470181
0.6669999223036372
0.6624157775901715
0.6578066932970784
0.6531728429537764
0.6485144010221121
0.6438315428897912
0.6391244448637755
0.6343932841636452
0.6296382389149267
0.6248594881423860
0.6200572117632889
0.6152315905806265
0.6103828062763090
0.6055110414043251
0.6006164793838685
0.5956993044924330
0.5907597018588739
0.5857978574564384
0.5808139580957642
0.5758081914178449
0.5707807458869669
0.5657318107836128
0.5606615761973356
0.5555702330196018
0.5504579729366045
0.5453249884220460
0.5401714727298924
0.5349976198870968
0.5298036246862943
0.5245896826784685
0.5193559901655892
0.5141027441932213
0.5088301425431067
0.5035383837257170
0.4982276669727814
0.4928981922297835
0.4875501601484355
0.4821837720791223
0.4767992300633216
0.4713967368259972
0.4659764957679657
0.4605387109582396
0.4550835871263432
0.4496113296546060
0.4441221445704286
0.4386162385385271
0.4330938188531515
0.4275550934302816
0.4220002707997992
0.4164295600976367
0.4108431710579035
0.4052413140049892
0.3996241998456462
0.3939920400610475
0.3883450466988257
0.3826834323650892
0.3770074102164177
0.3713171939518370
0.3656129978047734
0.3598950365349877
0.3541635254204897
0.3484186802494339
0.3426607173119937
0.3368898533922194
0.3311063057598758
0.3253102921622623
0.3195020308160151
0.3136817403988909
0.3078496400415344
0.3020059493192273
0.2961508882436231
0.2902846772544617
0.2844075372112712
0.2785196893850524
0.2726213554499484
0.2667127574748978
0.2607941179152749
0.2548656596045140
0.2489276057457194
0.2429801799032631
0.2370236059943665
0.2310581082806704
0.2250839113597921
0.2191012401568691
0.2131103199160907
0.2071113761922179
0.2011046348420913
0.1950903220161277
0.1890686641498054
0.1830398879551402
0.1770042204121480
0.1709618887603005
0.1649131204899692
0.1588581433338607
0.1527971852584427
0.1467304744553611
0.1406582393328486
0.1345807085071253
0.1284981107937923
0.1224106751992154
0.1163186309119040
0.1102222072938823
0.1041216338720538
0.0980171403295599
0.0919089564971320
0.0857973123444392
0.0796824379714292
0.0735645635996666
0.0674439195636632
0.0613207363022078
0.0551952443496892
0.0490676743274172
0.0429382569349401
0.0368072229413581
0.0306748031766359
0.0245412285229114
0.0184067299058039
0.0122715382857191
0.0061358846491536
-0.0000000000000008
-0.0061358846491553
-0.0122715382857207
-0.0184067299058056
-0.0245412285229130
-0.0306748031766376
-0.0368072229413598
-0.0429382569349417
-0.0490676743274189
-0.0551952443496908
-0.0613207363022094
-0.0674439195636649
-0.0735645635996682
-0.0796824379714309
-0.0857973123444409
-0.0919089564971337
-0.0980171403295615
-0.1041216338720555
-0.1102222072938839
-0.1163186309119056
-0.1224106751992170
-0.1284981107937940
-0.1345807085071270
-0.1406582393328502
-0.1467304744553627
-0.1527971852584444
-0.1588581433338624
-0.1649131204899708
-0.1709618887603021
-0.1770042204121496
-0.1830398879551418
-0.1890686641498071
-0.1950903220161293
-0.2011046348420929
-0.2071113761922195
-0.2131103199160923
-0.2191012401568707
-0.2250839113597937
-0.2310581082806720
-0.2370236059943681
-0.2429801799032647
-0.2489276057457210
-0.2548656596045156
-0.2607941179152765
-0.2667127574748994
-0.2726213554499499
-0.2785196893850541
-0.2844075372112728
-0.2902846772544633
-0.2961508882436247
-0.3020059493192289
-0.3078496400415359
-0.3136817403988925
-0.3195020308160167
-0.3253102921622639
-0.3311063057598774
-0.3368898533922210
-0.3426607173119953
-0.3484186802494355
-0.3541635254204912
-0.3598950365349892
-0.3656129978047749
-0.3713171939518385
-0.3770074102164193
-0.3826834323650907
-0.3883450466988272
-0.3939920400610490
-0.3996241998456477
-0.4052413140049907
-0.4108431710579050
-0.4164295600976382
-0.4220002707998005
-0.4275550934302831
-0.4330938188531527
-0.4386162385385286
-0.4441221445704304
-0.4496113296546075
-0.4550835871263449
-0.4605387109582409
-0.4659764957679672
-0.4713967368259985
-0.4767992300633231
-0.4821837720791235
-0.4875501601484369
-0.4928981922297851
-0.4982276669727827
-0.5035383837257186
-0.5088301425431079
-0.5141027441932227
-0.5193559901655903
-0.5245896826784698
-0.5298036246862954
-0.5349976198870982
-0.5401714727298940
-0.5453249884220472
-0.5504579729366058
-0.5555702330196031
-0.5606615761973370
-0.5657318107836140
-0.5707807458869683
-0.5758081914178460
-0.5808139580957654
-0.5857978574564399
-0.5907597018588751
-0.5956993044924344
-0.6006164793838698
-0.6055110414043264
-0.6103828062763103
-0.6152315905806278
-0.6200572117632899
-0.6248594881423872
-0.6296382389149281
-0.6343932841636464
-0.6391244448637767
-0.6438315428897923
-0.6485144010221134
-0.6531728429537775
-0.6578066932970795
-0.6624157775901724
-0.6669999223036384
-0.6715589548470194
-0.6760927035753168
-0.6806009977954540
-0.6850836677727011
-0.6895405447370678
-0.6939714608896548
-0.6983762494089737
-0.7027547444572260
-0.7071067811865483
-0.7114321957452174
-0.7157308252838195
-0.7200025079613827
-0.7242470829514678
-0.7284643904482262
-0.7326542716724136
-0.7368165688773707
-0.7409511253549599
-0.7450577854414668
-0.7491363945234604
-0.7531867990436133
-0.7572088465064855
-0.7612023854842626
-0.7651672656224598
-0.7691033376455804
-0.7730104533627378
-0.7768884656732331
-0.7807372285720953
-0.7845565971555761
-0.7883464276266070
-0.7921065773002133
-0.7958369046088842
-0.7995372691079059
-0.8032075314806456
-0.8068475535438001
-0.8104571982525954
-0.8140363297059492
-0.8175848131515846
-0.8211025149911054
-0.8245893027850261
-0.8280450452577565
-0.8314696123025460
-0.8348628749863808
-0.8382247055548389
-0.8415549774368991
-0.8448535652497078
-0.8481203448032981
-0.8513551931052659
-0.8545579883654013
-0.8577286100002728
-0.8608669386377681
-0.8639728561215874
-0.8670462455156933
-0.8700869911087120
-0.8730949784182909
-0.8760700941954074
-0.8790122264286342
-0.8819212643483558
-0.8847970984309383
-0.8876396204028547
-0.8904487232447584
-0.8932243011955160
-0.8959662497561857
-0.8986744656939545
-0.9013488470460227
-0.9039892931234439
-0.9065957045149160
-0.9091679830905229
-0.9117060320054304
-0.9142097557035311
-0.9166790599210433
-0.9191138516900582
-0.9215140393420426
-0.9238795325112872
-0.9262102421383118
-0.9285060804732161
-0.9307669610789843
-0.9329927988347395
-0.9351835099389481
-0.9373390119125755
-0.9394592236021904
-0.9415440651830213
-0.9435934581619608
-0.9456073253805218
-0.9475855910177416
-0.9495281805930371
-0.9514350209690089
-0.9533060403541942
-0.9551411683057712
-0.9569403357322093
-0.9587034748958720
-0.9604305194155662
-0.9621214042690420
-0.9637760657954403
-0.9653944416976897
-0.9669764710448525
-0.9685220942744177
-0.9700312531945444
-0.9715038909862521
-0.9729399522055605
-0.9743393827855762
-0.9757021300385289
-0.9770281426577547
-0.9783173707196280
-0.9795697656854409
-0.9807852804032308
-0.9819638691095556
-0.9831054874312166
-0.9842100923869294
-0.9852776423889414
-0.9863080972445989
-0.9873014181578587
-0.9882575677307497
-0.9891765099647812
-0.9900582102622973
-0.9909026354277802
-0.9917097536690997
-0.9924795345987102
-0.9932119492347947
-0.9939069700023562
-0.9945645707342556
-0.9951847266721970
-0.9957674144676599
-0.9963126121827781
-0.9968202992911659
-0.9972904566786903
-0.9977230666441917
-0.9981181129001493
-0.9984755805732949
-0.9987954562051725
-0.9990777277526455
-0.9993223845883495
-0.9995294175010933
-0.9996988186962042
-0.9998305817958234
-0.9999247018391446
-0.9999811752826011
%%
-0.0000000000000000
-0.0061358846491545
-0.0122715382857199
-0.0184067299058048
-0.0245412285229123
-0.0306748031766366
-0.0368072229413589
-0.0429382569349408
-0.0490676743274180
-0.0551952443496900
-0.0613207363022086
-0.0674439195636641
-0.0735645635996675
-0.0796824379714302
-0.0857973123444399
-0.0919089564971328
-0.0980171403295607
-0.1041216338720546
-0.1102222072938831
-0.1163186309119048
-0.1224106751992163
-0.1284981107937932
-0.1345807085071263
-0.1406582393328493
-0.1467304744553618
-0.1527971852584435
-0.1588581433338615
-0.1649131204899700
-0.1709618887603013
-0.1770042204121488
-0.1830398879551410
-0.1890686641498063
-0.1950903220161284
-0.2011046348420920
-0.2071113761922187
-0.2131103199160915
-0.2191012401568699
-0.2250839113597929
-0.2310581082806712
-0.2370236059943673
-0.2429801799032640
-0.2489276057457203
-0.2548656596045147
-0.2607941179152757
-0.2667127574748985
-0.2726213554499491
-0.2785196893850532
-0.2844075372112720
-0.2902846772544625
-0.2961508882436240
-0.3020059493192283
-0.3078496400415350
-0.3136817403988916
-0.3195020308160158
-0.3253102921622631
-0.3311063057598765
-0.3368898533922202
-0.3426607173119945
-0.3484186802494347
-0.3541635254204906
-0.3598950365349883
-0.3656129978047741
-0.3713171939518377
-0.3770074102164185
-0.3826834323650899
-0.3883450466988265
-0.3939920400610483
-0.3996241998456470
-0.4052413140049901
-0.4108431710579041
-0.4164295600976374
-0.4220002707997999
-0.4275550934302823
-0.4330938188531522
-0.4386162385385278
-0.4441221445704295
-0.4496113296546068
-0.4550835871263441
-0.4605387109582402
-0.4659764957679664
-0.4713967368259979
-0.4767992300633224
-0.4821837720791230
-0.4875501601484362
-0.4928981922297843
-0.4982276669727821
-0.5035383837257178
-0.5088301425431073
-0.5141027441932220
-0.5193559901655898
-0.5245896826784692
-0.5298036246862949
-0.5349976198870975
-0.5401714727298931
-0.5453249884220467
-0.5504579729366050
-0.5555702330196025
-0.5606615761973363
-0.5657318107836135
-0.5707807458869676
-0.5758081914178456
-0.5808139580957647
-0.5857978574564391
-0.5907597018588745
-0.5956993044924337
-0.6006164793838692
-0.6055110414043258
-0.6103828062763097
-0.6152315905806272
-0.6200572117632894
-0.6248594881423867
-0.6296382389149273
-0.6343932841636457
-0.6391244448637761
-0.6438315428897917
-0.6485144010221128
-0.6531728429537770
-0.6578066932970790
-0.6624157775901721
-0.6669999223036378
-0.6715589548470187
-0.6760927035753163
-0.6806009977954534
-0.6850836677727007
-0.6895405447370672
-0.6939714608896542
-0.6983762494089731
-0.7027547444572256
-0.7071067811865478
-0.7114321957452168
-0.7157308252838188
-0.7200025079613819
-0.7242470829514671
-0.7284643904482255
-0.7326542716724131
-0.7368165688773702
-0.7409511253549594
-0.7450577854414662
-0.7491363945234596
-0.7531867990436127
-0.7572088465064848
-0.7612023854842621
-0.7651672656224592
-0.7691033376455799
-0.7730104533627372
-0.7768884656732327
-0.7807372285720947
-0.7845565971555755
-0.7883464276266066
-0.7921065773002127
-0.7958369046088838
-0.7995372691079052
-0.8032075314806452
-0.8068475535437996
-0.8104571982525951
-0.8140363297059486
-0.8175848131515839
-0.8211025149911049
-0.8245893027850255
-0.8280450452577560
-0.8314696123025456
-0.8348628749863802
-0.8382247055548383
-0.8415549774368987
-0.8448535652497073
-0.8481203448032975
-0.8513551931052654
-0.8545579883654008
-0.8577286100002723
-0.8608669386377674
-0.8639728561215870
-0.8670462455156930
-0.8700869911087117
-0.8730949784182903
-0.8760700941954068
-0.8790122264286337
-0.8819212643483553
-0.8847970984309380
-0.8876396204028542
-0.8904487232447582
-0.8932243011955157
-0.8959662497561854
-0.8986744656939541
-0.9013488470460223
-0.9039892931234436
-0.9065957045149156
-0.9091679830905226
-0.9117060320054301
-0.9142097557035309
-0.9166790599210429
-0.9191138516900580
-0.9215140393420422
-0.9238795325112870
-0.9262102421383116
-0.9285060804732158
-0.9307669610789839
-0.9329927988347391
-0.9351835099389478
-0.9373390119125752
-0.9394592236021901
-0.9415440651830210
-0.9435934581619606
-0.9456073253805215
-0.9475855910177413
-0.9495281805930369
-0.9514350209690086
-0.9533060403541941
-0.9551411683057709
-0.9569403357322090
-0.9587034748958717
-0.9604305194155660
-0.9621214042690418
-0.9637760657954401
-0.9653944416976895
-0.9669764710448523
-0.9685220942744175
-0.9700312531945442
-0.9715038909862520
-0.9729399522055603
-0.9743393827855760
-0.9757021300385287
-0.9770281426577545
-0.9783173707196278
-0.9795697656854406
-0.9807852804032305
-0.9819638691095555
-0.9831054874312165
-0.9842100923869292
-0.9852776423889413
-0.9863080972445988
-0.9873014181578585
-0.9882575677307496
-0.9891765099647811
-0.9900582102622972
-0.9909026354277801
-0.9917097536690996
-0.9924795345987101
-0.9932119492347946
-0.9939069700023562
-0.9945645707342555
-0.9951847266721969
-0.9957674144676598
-0.9963126121827781
-0.9968202992911658
-0.9972904566786903
-0.9977230666441916
-0.9981181129001493
-0.9984755805732948
-0.9987954562051724
-0.9990777277526454
-0.9993223845883495
-0.9995294175010931
-0.9996988186962042
-0.9998305817958234
-0.9999247018391445
-0.9999811752826011
-1.0000000000000000
-0.9999811752826011
-0.9999247018391445
-0.9998305817958234
-0.9996988186962042
-0.9995294175010931
-0.9993223845883494
-0.9990777277526454
-0.9987954562051724
-0.9984755805732947
-0.9981181129001492
-0.9977230666441915
-0.9972904566786902
-0.9968202992911657
-0.9963126121827779
-0.9957674144676597
-0.9951847266721968
-0.9945645707342553
-0.9939069700023559
-0.9932119492347944
-0.9924795345987099
-0.9917097536690994
-0.9909026354277799
-0.9900582102622970
-0.9891765099647808
-0.9882575677307494
-0.9873014181578582
-0.9863080972445984
-0.9852776423889411
-0.9842100923869289
-0.9831054874312162
-0.9819638691095551
-0.9807852804032302
-0.9795697656854403
-0.9783173707196274
-0.9770281426577542
-0.9757021300385283
-0.9743393827855756
-0.9729399522055600
-0.9715038909862516
-0.9700312531945438
-0.9685220942744170
-0.9669764710448518
-0.9653944416976891
-0.9637760657954396
-0.9621214042690414
-0.9604305194155656
-0.9587034748958713
-0.9569403357322086
-0.9551411683057704
-0.9533060403541935
-0.9514350209690080
-0.9495281805930363
-0.9475855910177408
-0.9456073253805209
-0.9435934581619601
-0.9415440651830205
-0.9394592236021896
-0.9373390119125746
-0.9351835099389473
-0.9329927988347385
-0.9307669610789833
-0.9285060804732151
-0.9262102421383109
-0.9238795325112863
-0.9215140393420416
-0.9191138516900573
-0.9166790599210423
-0.9142097557035302
-0.9117060320054293
-0.9091679830905219
-0.9065957045149150
-0.9039892931234429
-0.9013488470460217
-0.8986744656939534
-0.8959662497561846
-0.8932243011955149
-0.8904487232447573
-0.8876396204028535
-0.8847970984309372
-0.8819212643483546
-0.8790122264286330
-0.8760700941954063
-0.8730949784182896
-0.8700869911087108
-0.8670462455156922
-0.8639728561215861
-0.8608669386377668
-0.8577286100002715
-0.8545579883654001
-0.8513551931052645
-0.8481203448032968
-0.8448535652497065
-0.8415549774368978
-0.8382247055548375
-0.8348628749863793
-0.8314696123025447
-0.8280450452577551
-0.8245893027850247
-0.8211025149911040
-0.8175848131515832
-0.8140363297059477
-0.8104571982525941
-0.8068475535437987
-0.8032075314806442
-0.7995372691079045
-0.7958369046088828
-0.7921065773002117
-0.7883464276266056
-0.7845565971555747
-0.7807372285720937
-0.7768884656732316
-0.7730104533627363
-0.7691033376455788
-0.7651672656224582
-0.7612023854842610
-0.7572088465064839
-0.7531867990436116
-0.7491363945234587
-0.7450577854414652
-0.7409511253549581
-0.7368165688773691
-0.7326542716724119
-0.7284643904482244
-0.7242470829514660
-0.7200025079613810
-0.7157308252838178
-0.7114321957452157
-0.7071067811865467
-0.7027547444572243
-0.6983762494089720
-0.6939714608896530
-0.6895405447370661
-0.6850836677726994
-0.6806009977954522
-0.6760927035753150
-0.6715589548470176
-0.6669999223036366
-0.6624157775901707
-0.6578066932970777
-0.6531728429537756
-0.6485144010221116
-0.6438315428897904
-0.6391244448637748
-0.6343932841636445
-0.6296382389149262
-0.6248594881423853
-0.6200572117632880
-0.6152315905806258
-0.6103828062763083
-0.6055110414043245
-0.6006164793838678
-0.5956993044924324
-0.5907597018588731
-0.5857978574564380
-0.5808139580957634
-0.5758081914178440
-0.5707807458869663
-0.5657318107836119
-0.5606615761973350
-0.5555702330196010
-0.5504579729366038
-0.5453249884220452
-0.5401714727298919
-0.5349976198870960
-0.5298036246862933
-0.5245896826784677
-0.5193559901655883
-0.5141027441932207
-0.5088301425431058
-0.5035383837257165
-0.4982276669727806
-0.4928981922297830
-0.4875501601484347
-0.4821837720791213
-0.4767992300633209
-0.4713967368259963
-0.4659764957679650
-0.4605387109582387
-0.4550835871263427
-0.4496113296546053
-0.4441221445704281
-0.4386162385385263
-0.4330938188531505
-0.4275550934302808
-0.4220002707997982
-0.4164295600976359
-0.4108431710579025
-0.4052413140049886
-0.3996241998456455
-0.3939920400610469
-0.3883450466988249
-0.3826834323650886
-0.3770074102164169
-0.3713171939518360
-0.3656129978047726
-0.3598950365349867
-0.3541635254204891
-0.3484186802494331
-0.3426607173119932
-0.3368898533922186
-0.3311063057598752
-0.3253102921622615
-0.3195020308160141
-0.3136817403988901
-0.3078496400415334
-0.3020059493192268
-0.2961508882436223
-0.2902846772544611
-0.2844075372112704
-0.2785196893850518
-0.2726213554499475
-0.2667127574748968
-0.2607941179152741
-0.2548656596045130
-0.2489276057457188
-0.2429801799032623
-0.2370236059943659
-0.2310581082806696
-0.2250839113597915
-0.2191012401568683
-0.2131103199160897
-0.2071113761922171
-0.2011046348420903
-0.1950903220161268
-0.1890686641498046
-0.1830398879551396
-0.1770042204121472
-0.1709618887602999
-0.1649131204899684
-0.1588581433338597
-0.1527971852584419
-0.1467304744553601
-0.1406582393328478
-0.1345807085071245
-0.1284981107937918
-0.1224106751992146
-0.1163186309119034
-0.1102222072938815
-0.1041216338720528
-0.0980171403295591
-0.0919089564971310
-0.0857973123444384
-0.0796824379714284
-0.0735645635996660
-0.0674439195636624
-0.0613207363022072
-0.0551952443496883
-0.0490676743274162
-0.0429382569349392
-0.0368072229413571
-0.0306748031766351
-0.0245412285229105
-0.0184067299058033
-0.0122715382857182
-0.0061358846491530
